9555.91
9603.71
9623.36
9628.82
9695.77
9510.85
9490.79
9506.35
9454.54
9315.29
9339.17
9173.71
9317.82
9409.71
9600.09
9544.19
9548.68
9401.55
9446.36
9584.12
9603.23
9556.02
9529.5
9467.53
9521.3
9607.4
9581.45
9702.46
9754.43
9754.39
9656.05
9629.1
9659.39
9639.08
9697.87
9720.91
9768.01
9892.82
9940.82
9939.17
9938.9
9943.27
9950.12
9919.74
9926.67
9947.83
9987.19
10008.63
10028.8
9949.81
9938.7
9912.87
9883.98
9920.32
9930.33
10004
9987.24
9920.92
9938.08
9867.75
9804.9
9815.17
9833.07
9902.41
9911.27
10029.43
10009.08
9906.07
9772.67
9808.2
9659.13
9666.34
9783.01
9719.41
9859.27
9753.88
9720.02
9612.05
9734.33
9753.56
9794.06
9644.01
9598.17
9653.63
9593.68
9407.48
9210.08
9154.14
9189.74
9130.04
9038.97
9009.32
9180.74
9069.47
9198.88
9225.1
9092.6
9245.33
9334.28
9314.57
9401.53
9339.17
9510.14
9588.15
9569.71
9462.56
9470.17
9479.03
9507.02
9626.49
9724.26
9747.02
9758.03
9710.7
9700.17
9691.28
9651.13
9659.63
9632.93
9661.5
9798.13
9799.26
9749.54
9595.03
9661.97
9510.01
9490.55
9422.91
9474.3
9382.03
9195.68
9209.51
9086.21
8995.33
9005.02
8788.81
8812.43
8825.21
8571.95
8582.9
8850.27
8717.76
8886.96
8940.14
9047.31
8987.8
8902.61
9068.19
9082.81
9114.84
9326.87
9251.7
9166.47
9315.48
9377.41
9291.83
9351.87
9369.03
9210.96
9248.51
9252.94
9306.35
9456.53
9472.8
9483.97
9732.55
9785.54
9861.21
9915.56
9974.87
9980.85
9963.51
9934.08
9971.79
9851.35
10087.12
10014.99
9793.71
9799.73
9862.53
9594.73
9334.01
9563.89
9544.43
9811.06
9786.96
9865.76
9922.11
9927.13
9805.55
9764.73
9473.16
9469.66
9518.18
9837.61
9648.5
9781.9
9941
9817.08
10032.61
10167.77
10242.35
10257.13
10299.23
10435.62
10649.58
10798.33
10628.58
10710.97
10737.87
10694.32
10828.01
10890.95
10911.32
10905.41
10846.39
10663.51
10753.83
10752.11
10919.65
10963.4
10923.23
10895.62
10961
11001.94
11050.64
11130.92
11205.74
11210.27
11327.19
11401.66
11410.36
11280.36
11390.38
11504.01
11550.97
11582.11
11500.38
11805.99
11799.39
11901.61
12167.72
11980.85
11922.77
11899.4
12039.37
11895.84
12005.69
11865.32
11843.68
11868.33
12086.01
11966.17
12001.38
11967.39
12123.52
12035.86
12166.44
12374.73
12338.73
12227.6
12231.34
11998.86
11688.7
11891.91
11939.58
11867.37
11723.58
11810.85
12039.16
11811.66
11432.72
11454.38
11619.85
11327.68
11350.15
11407.97
11709.73
11673.35
11472.41
11351.46
11559.82
11447.03
11594.28
11853.33
11848.47
11864.59
11815.01
11625.13
11771.13
11677.57
11413.82
11436.05
11328.8
11419.62
11340.6
11197.15
11064.92
11001.29
11265.39
11332.78
11196.49
10984.97
11044.01
10978.01
11100.3
11040.1
11460.5
11542.54
11471.26
11473.13
11492.43
11083.2
10944.97
11180.5
11099.35
11058.39
10890.63
10676.78
10747.3
10996.41
11315.63
11484.38
11516.9
11539.66
11716.76
11673.42
11735.72
11604.8
11520.67
11512.11
11347.45
11056.4
11173.91
11211.85
11257.15
11308.99
11443.72
11456.07
11636.3
11585.1
11490.83
11604.78
11293.65
10924.61
11014.63
10985.14
10940.33
10915.92
10682.15
10432.19
10124.52
9648.43
10128.12
9997.43
10315.62
10298.53
10259.46
10015.57
10048.05
10317.84
10038.04
10108.61
10271.36
10303.12
10210.44
10123.56
10131.74
10188.13
10227.21
10229.58
9916.16
9948.51
9570.66
9612.62
9427.64
9688.53
9483.55
9450.4
9660.44
9509.25
9553.07
9814.79
9902.83
9970.4
9993.07
10096.6
10119.83
10032.82
9915.85
10064.8
10104.43
10164.31
10147.68
10238.1
10491.97
10794.54
10801.34
10692.19
10831.96
10800.84
10850.14
10950.67
10951.15
10845.24
10887.74
10988.03
10815.45
10832.52
10907.87
10782.63
10708.4
10713.23
10971.04
10959.95
11085.44
11119.83
11092.31
10933.99
11169.54
11320.77
11293.76
11382.23
11261.24
11190.02
10789.24
10752.1
10886.09
10673.6
10592.49
10598.93
10340.06
10139.34
10450.38
10469.26
10738.12
10608.19
10497.77
10488.75
10727.64
10653.91
10860.14
10743.01
10283.44
10310.1
10214.02
9979.85
9849.34
9825.07
9985.43
9960.96
9794.2
9545.27
9521.85
9664.21
9391.64
9574.16
9764.88
9736.15
9822.75
9880.82
9639.59
9798.11
9757.88
9581.04
9434.82
9393.36
9286.23
8979.36
8879.4
9017.29
8752.87
8967.51
9206.84
9135.11
9377.21
9463.64
9388.05
9573.59
9416.77
9167.8
9331.48
9513.3
9495.4
9717.16
9776.62
9751.92
9824.17
9778.93
9692.82
9723.09
9498.15
9831.13
9990.26
9933.85
9983.41
9892.2
9950.8
9948.64
9990
10022.93
9851.35
9887.94
10046.61
9965.51
9794.64
9822.08
9563.36
9624.51
9530.62
9622.26
9682.99
9761.47
10026.1
10093.65
10051.57
10120.31
10349.59
10421.29
10435.73
10373.49
10294.35
10259.59
10299.83
10321.15
10038.97
10123.27
9926.77
9828.25
9851.86
9869.95
9980.49
10045.44
9975.32
9862.12
9952.9
9890.19
9943.23
9795.89
9916.02
9842.29
10057.31
10205.21
10272.71
10286.31
10333.23
10262.74
10204.44
10208
10103.26
10121.08
10287.68
10217.03
10088.87
9834.62
9657.44
9519.2
9606.71
9550.47
9631.36
9962.02
10015.54
10071.06
10257.03
9557.16
9268.66
9447.28
9612.27
9680.09
9776.12
9709.09
9532.61
9373.26
9418.78
9629.66
9833.41
9964.07
9930.71
10068.3
10066.9
10063.13
9981.24
10142.01
10156.21
10147.46
10198.24
10247.76
10319.55
10274.93
10337.5
10330.52
10144.34
10170.21
10227.86
10367.21
10432.36
10692.9
10650.89
10742.84
10713.43
10739.21
10676.65
10537.67
10603.03
10544.36
10494.35
10592.88
10622.97
10529.59
10587.77
10544.44
10657.64
10592.69
10534.31
10683.82
10672.22
10687.14
10752.98
10675.29
10573.44
10431.77
10386.6
10378.4
10431.2
10276.17
10373.87
10393.86
10436.49
10674.18
10626.97
10393.71
10361.48
10438.34
10405.54
10511.02
10619.61
10585.78
10568.8
10490.86
10624.08
10577.16
10523.07
10414.07
10580.38
10503.57
10631.55
10645.68
10701.39
10710.73
10761.17
10757.31
10709.68
10717.08
10696.19
10665.01
10526.16
10370.93
10325.88
10259.13
10456.95
10482.32
10646.01
10630.12
10667.95
10693.69
10735.14
10663.87
10685.54
10664.56
10685.13
10713.85
10662.44
10689.26
10699.27
10582.67
10620.49
10640.3
10534.05
10513.35
10684.83
10775.32
10986.69
11179.42
11203.63
11190.21
11284.65
11244.84
11366.4
11404.01
11426.7
11464.74
11468.64
11456.1
11449.93
11472.24
11474.99
11451.05
11481.06
11598.33
11584.24
11584.31
11584.94
11599.01
11563.99
11583.3
11646.17
11521.04
11629.18
11554.71
11540
11599.39
11596.89
11630.13
11545.75
11594.94
11806.05
11848.63
11814.27
11681.89
11535.31
11659.5
11627.95
11651.49
11509.84
11549.44
11543.38
11642.86
11666.97
11774.43
11771.81
11793.93
11757.24
11757.02
11827.62
11967.49
11998.59
11947.83
11804.03
11822.67
11834.41
12067.19
12059.57
12027.36
11958.4
11966.14
11967.31
11978.39
11963.18
11990.03
11988.79
12009.87
12083.18
12095.24
12052.9
11962.13
11904.12
12039.68
12064.27
11996.07
12149.42
12203
12256.43
12312.87
12257.2
12282.34
12217.54
12230.89
12225.06
12200.52
12139.35
12154.7
12109
12000.44
12016.45
12027.32
12048.57
12454.98
12467.04
12472.8
12443.79
12438.01
12507.9
12527.84
12647.78
12716.89
12694.55
12749.12
12757.46
12711.06
12770.41
12807.04
12804.53
12631.61
12590.06
12638.69
12619.46
12659.15
12642.87
12621.72
12602.18
12628.95
12598.68
12615.06
12664.92
12822.94
12690.12
12672.49
12713.58
12815.72
12690.44
12764.98
12805.95
12691.81
12752.73
12888.95
12814.79
12774.26
12794
12733.41
12770.83
12671.02
12647.27
12416.19
12325.12
12475.31
12437.13
12453.68
12381.25
12388.68
12445.92
12437.02
12626.58
12641.33
12631.72
12587.16
12430.39
12452.05
12447.25
12240.06
12208.95
12264.31
12305.11
12212.04
12162.7
12118.25
12251.29
12181.48
12154.72
12297.72
12257.17
12292.05
12154
12014.3
12014.06
12165.12
12177.04
12263.86
12203.46
12165.19
12065.99
12229.34
12174.3
12180.83
12167.94
12123.47
11945.88
12002.47
12055.84
12142.64
12102.21
12123.71
12214.54
12296.63
12303.98
12475.24
12524.77
12553.57
12540.45
12518.81
12559.39
12561.79
12569.17
12600.03
12592.35
12594.81
12605.2
12657.41
12704.65
12828.86
12902.65
12970.52
12968.05
12955.94
12976.4
12949.25
12970.68
12982.89
12991.87
13003.7
12995.06
13043.03
12990.1
12991.28
13003.14
13013.19
12953.41
13133.28
13217.54
13229.57
13465.51
13440.93
13478.86
13468.79
13379.27
13382.42
13182.56
13127.47
13074.42
13033.48
12976.37
13047.22
12993.73
13058.66
13167.54
13015.04
13008.55
13059.84
13000.2
13059.53
13061.87
13023.98
12861.49
13058.55
13048.54
12998.85
13045.15
13153.7
13123.65
13183.53
13125.64
13068.08
13103.56
13312.3
13215.79
13069.17
13109.74
13072.79
13070.02
12979.94
12917.64
12871.39
12978.21
13167.89
13319.64
13367.78
13385.59
13281.34
13202.9
13245.03
13200.51
13246.33
13183.96
13281.43
13434.45
13463.69
13559.6
13414.74
13298.36
13340.17
13324.48
13197.71
13189.48
13003.9
12785.16
12687.49
12392.66
12590.43
12260.29
12107.48
12282.77
12196.5
12339.16
12346.17
12451.96
12385.6
12487.9
12470.49
12461.91
12483.79
12527.04
12490.73
12435.85
12190.94
11913.71
12090.87
12113.87
12245.36
12355.57
12346.68
12418.39
