61.0668
62.3917
67.195
73.7481
80.709
86.8107
91.9393
95.7707
97.6883
97.7729
96.8761
96.4693
96.187
95.8951
92.6585
86.5995
78.0793
67.725
57.6983
48.7938
43.0493
38.8165
33.3498
27.6631
20.1026
9.97886
-0.614148
-9.90741
-15.765
-18.634
-16.0901
-11.3062
-8.39837
-10.7828
-14.7243
-23.1219
-33.1593
-39.6545
-45.0608
-45.26
-45.4618
-46.7653
-51.3291
-53.9861
-54.6979
-52.2214
-51.6353
-53.3369
-53.7142
-55.0907
-62.1153
-76.9118
-96.7008
-116.171
-135.057
-153.694
-171.138
-180.692
-187.71
-187.821
-182.26
-176.675
-166.386
-150.341
-130.97
-107.788
-85.0214
-59.0449
-30.0541
-2.04606
20.1405
38.4632
52.9958
64.4979
77.1069
91.4597
105.765
118.311
126.182
130.076
130.194
125.892
118.811
109.54
100.064
94.0553
90.0989
85.2803
74.8597
63.7021
48.425
31.2816
12.4203
-4.80767
-22.0579
-43.3148
-64.6475
-87.9582
-113.156
-137.021
-163.544
-187.423
-206.811
-227.951
-246.934
-254.167
-257.103
-250.915
-236.608
-214.666
-189.949
-166.591
-139.814
-110.593
-80.6433
-46.6684
-13.2264
14.7907
41.0033
66.2724
86.2698
103.093
115.978
120.998
121.86
118.832
114.855
113.874
113.554
113.469
119.768
129.298
141.674
155.703
170.532
184.089
195.289
202.125
205.912
203.466
202.522
199.436
188.499
172.084
154.194
128.424
91.9655
57.7716
26.425
6.50077
-7.09531
-14.1017
-14.733
-12.5137
-11.9865
-12.4608
-21.3806
-34.4894
-46.3167
-46.4834
-45.751
-40.3577
-29.0191
-18.3932
-2.89785
17.9687
42.5351
68.6297
94.5265
121.963
154.254
190.3
218.218
241.095
258.784
268.978
277.754
284.748
289.141
289.885
285.16
270.543
252.455
230.736
211.294
195.293
180.219
164.283
150.254
138.399
128.64
122.86
121.254
121.951
126.969
135.108
144.285
148.929
153.172
159.101
166.37
173.655
176.902
185.565
195.223
206.392
224.1
237.459
243.653
243.425
242.71
236.442
229.288
216.263
198.986
180.525
166.47
152.015
138.425
123.7
113.466
104.009
98.8444
101.495
106.93
109.471
110.141
102.911
82.3954
60.3061
40.7819
21.8448
0.572262
-18.2197
-27.716
-38.0785
-59.7139
-84.528
-103.774
-126.432
-147.834
-163.499
-166.042
-161.187
-157.886
-157.411
-151.679
-146.47
-136.725
-114.933
-87.0046
-57.3925
-29.494
-9.56339
8.46091
19.8558
19.4632
14.2296
3.77724
-7.74332
-20.5257
-36.8961
-58.9942
-84.8466
-103.433
-113.531
-121.183
-133.113
-143.865
-152.875
-156.122
-156.732
-143.594
-119.874
-93.5656
-66.5057
-38.9136
-24.8105
-23.216
-21.3433
-21.2465
-22.738
-29.9768
-46.8493
-65.1818
-77.4268
-76.1966
-61.6484
-39.7046
-15.3428
14.9834
46.2893
77.0192
101.547
117.497
127.16
127.575
113.836
95.0016
75.2025
56.5969
41.0469
31.8848
26.7943
28.6159
31.7836
33.6756
38.217
34.5731
15.9886
-6.80455
-31.635
-56.8637
-80.3851
-107.494
-141.476
-184.762
-243.152
-290.43
-329.284
-350.951
-359.304
-357.639
-356.426
-353.301
-339.353
-326.131
-309.066
-284.699
-253.947
-221.584
-193.009
-166.69
-141.699
-116.786
-93.7267
-81.0116
-73.5078
-80.9145
-93.5058
-112.853
-127.376
-144.005
-161.308
-172.096
-181.06
-186.423
-180.708
-165.316
-142.029
-115.117
-83.5899
-49.784
-19.1107
3.39569
25.3901
46.9587
67.0441
84.511
101.345
122.712
152.781
184.903
211.336
235.592
253.598
267.238
278.918
287.343
288.166
283.725
278.127
265.32
247.84
229.045
206.347
180.342
152.893
133.397
118.758
110.069
105.046
101.915
94.8177
91.6598
95.3369
101.385
110.513
117.453
120.489
108.852
87.6571
66.044
39.3705
9.07177
-21.0667
-55.7686
-96.8924
-129.661
-154.572
-164.798
-168.476
-171.016
-170.734
-161.209
-148.559
-127.437
-104.831
-95.8775
-92.9838
-95.7911
-107.968
-126.97
-149.344
-166.197
-178.123
-190.567
-210.1
-231.005
-246.649
-264.785
-274.767
-272.694
-263.782
-248.04
-225.664
-206.52
-184.498
-162.767
-146.722
-136.95
-131.365
-131.581
-141.153
-158.059
-174.812
-196.227
-212.366
-217.252
-215.686
-203.29
-181.866
-157.438
-126.55
-98.3842
-80.2272
-62.0695
-40.2303
-18.5485
9.55525
39.9548
67.951
95.0486
116.435
130.573
140.653
139.443
140.829
148.395
155.402
160.789
161.278
159.045
153.705
147.882
142.467
132.405
121.09
113.571
106.683
94.5053
79.7214
56.2416
31.0856
4.52772
-18.7484
-35.9974
-46.4065
-45.0368
-34.2267
-19.916
-3.52819
20.007
47.6561
76.4691
102.981
123.23
137.443
146.966
153.007
147.903
137.803
118.968
92.9651
64.8567
37.3579
14.7961
-2.15003
-16.6343
-32.3833
-44.53
-56.0896
-64.5882
-73.5339
-78.6906
-81.8538
-76.8194
-63.2343
-43.4207
-20.5758
3.62888
25.4002
42.8396
56.3271
63.5261
67.0039
72.9764
76.4303
74.6936
61.4287
36.4651
2.4649
-31.7149
-64.9651
-92.2074
-104.369
-105.909
-98.7163
-81.6057
-79.8118
-94.4882
-111.02
-121.651
-124.477
-118.593
-110.111
-104.902
-106.022
-110.326
-108.727
-97.3402
-78.4065
-54.8594
-24.784
6.11091
34.5001
56.4737
77.0355
95.2196
110.558
124.302
136.923
149.42
158.218
165.171
170.408
166.395
156.411
144.915
137.215
132.787
137.276
144.286
153.485
160.811
166.043
167.985
163.312
156.499
146.921
134.55
123.074
112.76
100.074
87.5413
74.4174
64.3528
54.8827
44.2841
38.1862
34.938
33.4579
34.8899
35.3196
31.5957
21.5834
7.7982
-7.38315
-19.8474
-34.893
-46.874
-55.2776
-60.1579
-55.6506
-47.5168
-44.271
-44.5952
-44.302
-43.8047
-39.4855
-30.4034
-20.2101
-10.0494
-3.20505
5.02299
12.215
16.2536
15.1153
16.7809
17.8797
21.6383
26.9524
33.518
39.9878
47.0003
53.6949
58.1165
60.6991
61.0257
59.2633
53.0681
39.561
21.2049
-1.0958
-18.4075
-31.2181
-35.5972
-35.2111
-31.051
-24.1081
-14.9543
-6.59021
1.41675
8.53442
15.1651
22.3369
27.6104
31.7263
34.9866
33.6078
30.7273
27.7727
21.7874
13.6497
9.956
11.3739
21.5859
40.9041
63.8382
86.6016
109.405
129.188
149.291
168.782
186.029
201.399
213.698
221.346
224.215
223.118
218.008
209.269
198.845
190.01
181.493
172.292
161.986
151.279
139.139
126.461
115.329
101.97
90.7594
79.1709
67.8755
58.8524
50.9003
44.9913
37.9543
32.206
33.3267
39.5994
46.9643
50.2821
47.1079
43.2989
38.6523
34.3526
26.242
17.5386
8.68479
3.38878
1.03118
2.94913
7.0462
12.4464
17.5861
22.7585
28.9638
39.3932
51.8637
63.1899
68.6637
70.5905
70.1524
74.3769
80.0712
85.3544
87.6888
87.9044
86.2563
83.0329
78.2739
73.103
67.86
63.0123
60.4852
59.3792
57.038
51.2763
42.4185
36.323
32.769
28.6461
28.5935
32.3274
39.3623
49.23
58.0872
65.6768
69.8498
71.739
72.5431
72.049
68.0554
62.186
54.29
41.8475
27.9089
14.0283
1.60424
2.4835
10.9112
23.4181
36.4221
48.2807
60.2518
71.9052
85.7688
101.629
116.576
130.605
142.893
151.471
157.094
160.829
162.368
156.856
145.746
132.615
118.014
103.467
88.6973
73.7547
58.231
43.7026
29.6746
17.1235
8.30733
6.52989
5.63907
4.78041
4.92093
8.6838
10.5307
13.5056
18.3036
20.5197
22.7177
28.4458
33.5807
36.7368
38.4399
37.672
36.379
31.4965
23.7575
8.89702
-11.7925
-30.381
-46.9164
-60.6611
-74.1438
-85.7844
-93.4871
-98.1181
-94.2793
-85.2487
-73.4301
-61.9209
-54.4173
-48.7052
-44.4784
-46.7385
-53.4591
-59.8617
-64.0867
-69.3416
-75.8085
-83.8955
-88.1109
-91.3074
-94.0495
-90.9941
-86.1882
-79.7596
-75.4582
-76.0501
-79.0591
-78.7662
-75.7856
-68.2559
-59.8659
-52.6351
-48.6193
-41.6503
-35.2247
-29.1318
-23.9161
-20.3683
-22.8609
-27.0233
-30.4852
-30.5592
-30.119
-28.8714
-24.4404
-15.4443
-4.99034
10.5406
29.7247
50.1417
69.3916
85.9236
100.093
111.28
119.579
126.045
130.456
132.198
131.554
130.187
128.974
130.526
134.809
141.563
148.368
152.923
155.703
155.759
154.132
151.064
146.822
141.771
135.538
129.484
121.741
112.921
103.667
94.5867
83.9966
77.9353
76.8702
78.4713
87.6918
99.1752
111.628
122.852
129.288
132.264
127.157
115.595
99.2475
80.0574
57.6611
36.6068
15.9515
-2.11127
-14.1873
-26.5714
-38.0885
-46.4242
-53.816
-57.6724
-58.6998
-58.8285
-62.573
-62.2453
-59.7161
-56.6043
-51.9761
-43.4075
-33.1746
-20.7586
-9.62246
-1.38208
5.8264
17.1297
27.1611
32.0577
33.8735
32.3388
29.1696
22.2405
11.6752
-1.0666
-11.6885
-15.0818
-9.35539
2.3796
16.3917
27.9753
35.3965
40.5517
43.2599
45.5422
45.533
46.8456
53.1643
61.9869
73.5019
80.7076
81.0419
78.2229
73.9413
65.2844
53.8854
36.3438
9.73663
-22.6545
-64.9157
-104.313
-148.323
-195.775
-235.088
-267.458
-288.368
-299.493
-299.439
-293.74
-279.863
-261.216
-239.256
-214.019
-187.269
-159.901
-134.224
-117.707
-114.612
-114.022
-113.491
-108.881
-98.4494
-85.5297
-69.9205
