34.4347
47.5054
63.3317
74.4243
73.3743
68.8671
64.3035
57.1307
57.799
59.6553
64.5683
79.6845
91.7136
100.062
103.328
105.159
104.846
100.833
95.7613
92.2412
93.5212
94.4584
94.8334
83.9124
70.3881
55.4833
40.5016
31.7412
26.2294
29.5564
29.9138
21.3147
15.3463
2.29153
-15.2801
-27.4445
-33.3785
-29.6731
-24.2296
-6.31764
4.5584
1.50717
-16.0616
-24.9247
-46.4546
-61.254
-57.6891
-59.5
-44.6397
-43.8287
-47.5654
-61.274
-59.3726
-55.0364
-44.8857
-50.5176
-58.3993
-55.1081
-58.3992
-80.9725
-117.149
-150.73
-168.092
-184.02
-200.33
-213.731
-200.852
-200.113
-180.848
-160.812
-157.512
-136.377
-105.915
-79.1169
-47.3699
-27.8159
6.5105
42.4441
67.1774
72.7618
79.3
83.474
87.4646
104.006
124.276
138.741
147.534
143.749
137.558
127.295
111.09
96.7745
82.0496
73.4584
78.7463
81.6374
75.1441
49.2377
36.2735
9.61604
-12.758
-36.2269
-48.6898
-65.5153
-96.6208
-116.804
-144.767
-175.346
-194.825
-228.883
-245.191
-252.093
-277.703
-290.459
-265.773
-257.516
-227.418
-192.654
-151.43
-122.165
-104.89
-70.3309
-37.2746
-7.67075
37.1783
67.6928
80.4694
102.055
125.551
131.146
139.009
141.964
126.298
117.007
105.66
100.941
109.214
112.001
113.91
138.241
156.826
176.727
193.763
209.502
218.052
221.682
216.246
211.345
191.5
196.228
188.301
156.871
126.834
106.662
60.5163
-3.94707
-30.1092
-51.9056
-39.488
-34.1368
-22.5392
-6.8567
1.61634
-3.81248
-9.69389
-45.6514
-71.3546
-80.1151
-46.5616
-43.0235
-24.0854
4.32909
12.8162
40.9189
75.4852
107.118
134.622
158.007
190.149
234.561
280.275
285.211
293.006
296.594
286.941
292.991
296.095
294.194
286.375
268.934
229.708
203.09
172.755
161.058
155.155
143.892
126.59
118.644
113.168
108.914
112.514
121.314
126.784
143.097
159.279
170.244
160.816
163.242
173.299
183.714
190.838
182.963
206.782
219.63
235.358
271.199
270.965
256.659
238.832
237.363
216.129
206.424
178.857
151.233
131.351
132.577
117.788
106.61
88.4974
91.4682
83.5487
90.2823
113.354
124.814
117.898
113.299
83.2797
25.6792
-0.642244
-11.6382
-28.2923
-54.5998
-64.0115
-46.0109
-58.6319
-111.222
-145.328
-150.972
-183.495
-200.752
-200.233
-166.968
-141.967
-142.241
-150.505
-133.171
-131.661
-109.939
-57.0983
-14.3431
18.3973
41.7468
39.4051
51.0022
42.5219
9.75645
-8.80293
-32.2177
-43.1381
-56.3652
-80.128
-115.882
-151.039
-147.355
-133.332
-135.474
-159.887
-168.017
-172.203
-159.697
-154.143
-104.841
-54.4756
-22.1139
6.33924
33.7637
7.5095
-26.8561
-24.5371
-28.7691
-34.3603
-54.6861
-95.0458
-114.657
-107.376
-66.5213
-16.567
23.1429
53.1092
98.3748
130.377
156.601
159.915
149.58
141.309
117.819
67.5971
37.6337
17.9061
6.27574
2.05433
12.9698
19.879
40.5852
46.9192
43.7702
52.7288
24.4292
-36.5173
-70.5966
-100.034
-124.355
-141.33
-175.903
-227.071
-294.439
-391.795
-406.547
-422.794
-396.504
-368.353
-339.787
-340.88
-334.463
-293.543
-286.915
-265.413
-222.575
-176.393
-139.815
-121.986
-101.927
-82.1633
-58.5141
-39.6971
-56.6094
-63.071
-109.861
-133.82
-169.145
-168.189
-188.711
-205.837
-196.241
-198.478
-194.298
-157.902
-118.617
-75.6388
-41.9711
0.901043
38.099
57.2121
55.8703
75.0507
94.4348
111.239
122.522
139.035
173.93
229.356
267.573
277.49
294.142
294.52
296.122
302.541
301.915
282.098
264.969
259.531
229.192
200.021
179.501
147.052
113.242
83.6101
87.693
86.5123
94.1925
99.525
100.218
80.6499
87.6661
108.659
119.176
134.84
135.423
127.173
75.0811
28.3212
6.78058
-33.8192
-72.2799
-99.0853
-144.16
-200.267
-207.502
-209.232
-180.24
-167.805
-168.195
-162.225
-129.234
-109.963
-68.5795
-46.2081
-76.8144
-91.338
-108.494
-145.812
-183.086
-213.411
-211.83
-208.046
-218.927
-256.171
-281.505
-282.191
-307.327
-295.765
-261.781
-235.715
-201.435
-161.323
-153.022
-126.189
-107.933
-108.926
-118.88
-124.81
-139.523
-173.577
-208.365
-221.481
-254.419
-253.204
-224.931
-205.24
-163.444
-117.999
-87.2741
-41.7503
-24.8392
-36.778
-21.496
9.6044
31.2119
77.0228
114.564
136.739
161.496
168.073
161.847
159.199
126.955
137.364
163.214
170.825
173.438
161.28
152.862
139.396
132.182
128.082
103.61
89.9728
95.082
90.7943
64.4739
42.4602
-4.78997
-34.0333
-63.4705
-76.3759
-76.9684
-68.1954
-33.2686
3.4178
25.3508
45.4563
85.24
121.332
150.16
167.936
169.283
166.101
163.778
161.684
126.553
104.008
63.7447
20.9478
-9.91608
-33.1395
-40.3779
-40.6508
-47.4805
-66.0409
-69.2838
-79.7998
-81.4215
-93.5391
-89.4167
-88.0656
-60.5147
-23.5022
12.444
41.5393
68.0477
81.1117
85.2142
86.0714
75.2943
68.1171
82.3677
80.581
66.2713
22.7548
-32.4296
-89.3629
-121.895
-150.593
-159.899
-129.084
-99.6663
-68.2574
-24.837
-68.9574
-132.543
-156.602
-151.764
-133.946
-104.263
-87.1641
-89.8601
-107.068
-117.697
-101.958
-67.0868
-29.2074
6.34662
54.2141
87.3607
108.02
110.442
124.88
134.71
142.015
152.434
163.3
176.743
177.268
180.472
181.721
151.884
126.369
111.797
115.684
121.358
151.452
165.959
180.866
182.657
181.74
172.575
148.002
134.693
118.045
98.7864
92.1809
86.5559
68.71
57.4165
43.3067
41.9537
33.316
19.3702
25.4199
29.3377
32.5744
41.8536
38.4164
22.5071
-5.53882
-29.305
-48.0705
-52.926
-74.0914
-76.5014
-74.1213
-68.2298
-37.5927
-20.5464
-32.9007
-44.6522
-43.6839
-42.9104
-29.2064
-7.28754
5.61178
15.44
14.2351
26.8772
30.0354
24.2574
8.58133
18.1351
18.3388
30.6503
40.7951
51.0874
56.854
65.7201
71.3154
68.7274
65.0759
59.5349
51.9694
34.2668
1.39079
-29.0794
-60.967
-62.6806
-61.7115
-42.1198
-28.4707
-14.1721
-0.168009
13.7323
17.5385
22.3676
24.7711
29.5533
37.9077
38.6132
39.9887
41.4483
27.8024
21.6152
18.8317
4.87548
-8.76239
0.602541
16.8822
51.4554
95.5437
127.505
147.735
169.02
178.981
198.071
213.965
224.415
234.519
239.384
235.914
226.891
215.767
200.782
182.822
169.29
166.348
159.797
149.748
137.169
125.731
109.712
95.599
88.627
68.7032
63.4428
51.2725
41.074
38.4261
33.2455
32.8092
22.073
19.5024
39.6135
58.9966
68.743
59.7307
37.7816
32.2411
25.1929
22.0932
3.0455
-6.9905
-14.6393
-8.47306
-1.83024
11.5765
20.3761
28.8495
32.5652
37.3644
45.0718
66.3074
83.4233
91.2197
80.1905
72.7221
66.1089
83.7731
93.517
97.6087
91.8978
87.2986
81.4308
74.3683
64.9088
58.4424
52.918
50.4575
55.1909
58.4009
52.3729
36.9931
19.5385
21.2088
24.5172
18.6518
29.8144
43.9192
60.17
77.6825
82.8405
85.5482
78.8305
74.2419
72.115
67.6432
54.5961
44.5405
32.2672
8.63995
-8.45872
-21.2408
-29.2202
9.0137
38.217
61.3163
74.2609
81.6424
92.5669
101.334
119.711
139.609
150.682
163.476
171.787
170.678
168.348
166.943
162.795
138.126
112.826
95.8332
78.518
65.6634
51.5622
36.9095
20.4833
9.51205
-2.54309
-11.5953
-10.7659
6.52684
7.22116
5.77804
7.94528
20.9262
16.32
21.7026
30.7133
24.9851
27.0547
43.428
46.6335
43.9287
41.5441
34.5549
31.5891
17.1223
2.23971
-32.268
-68.1779
-78.8499
-88.461
-93.6832
-105.799
-111.963
-108.251
-104.739
-77.9762
-56.699
-39.6751
-30.2909
-35.0912
-35.0668
-35.9654
-56.81
-75.5711
-80.5149
-76.83
-83.5067
-92.082
-103.771
-97.0594
-97.1898
-98.5414
-80.4192
-71.9845
-61.6022
-63.3581
-78.1456
-88.3112
-79.3451
-68.5453
-48.5682
-38.2915
-33.7288
-38.5663
-23.0442
-18.6176
-14.6427
-12.7765
-13.6454
-32.4902
-40.0206
-40.7258
-30.9469
-29.3485
-25.0115
-11.568
10.0694
24.1669
53.1476
80.5327
102.866
117.688
126.145
132.918
135.277
135.688
137.82
136.957
132.677
126.86
124.778
124.904
134.672
146.828
160.331
166.918
164.97
162.518
154.616
147.991
140.898
133.58
127.071
118.528
114.082
102.363
90.8837
80.7831
72.2596
57.6192
64.3211
77.0482
85.7409
115.532
132.525
146.36
152.829
144.777
137.31
108.781
79.977
51.7156
26.0491
-2.48499
-17.5978
-35.181
-44.5229
-39.4234
-52.4029
-62.4232
-62.905
-68.7999
-63.8752
-58.4428
-56.8709
-71.6315
-60.3195
-51.4129
-47.5579
-39.4619
-20.2473
-6.21054
11.9636
19.1554
18.8222
21.8721
44.7685
51.1357
41.4368
34.8846
25.0327
18.2047
2.04532
-17.8146
-36.0194
-39.8696
-21.318
10.2627
37.8015
57.1023
60.6035
55.438
52.9782
47.4874
47.4104
40.6976
46.7233
68.637
85.6022
105.178
99.9752
80.5467
68.8206
60.3302
39.7696
20.8713
-12.733
-62.2729
-108.26
-174.981
-204.346
-260.029
-315.215
-329.75
-341.797
-330.153
-314.839
-285.929
-267.162
-234.671
-205.22
-178.255
-148.272
-119.561
-92.6626
-72.5669
-82.0473
-115.495
-120.976
-118.814
-101.253
-73.4118
-52.4865
-28.5253
