-0.119089
-0.132188
-0.141678
-0.14407
-0.141346
-0.130829
-0.104417
-0.0653507
-0.0191845
0.0380302
0.0952966
0.159549
0.220804
0.277358
0.340045
0.393192
0.44314
0.476862
0.496672
0.557062
0.637106
0.716673
0.784907
0.842874
0.887944
0.919473
0.942917
0.964327
0.976799
0.978536
0.969702
0.952976
0.921473
0.883594
0.837478
0.778962
0.716193
0.661109
0.611232
0.569899
0.537822
0.594603
0.665851
0.736642
0.807074
0.888605
0.961159
1.01202
1.04313
1.05491
1.04781
1.02595
0.980502
0.916182
0.839753
0.724876
0.594378
0.455411
0.314032
0.192133
0.0926638
0.0384751
0.00799498
-0.00121558
0.00800081
0.0271269
0.0547952
0.102122
0.161947
0.217591
0.266326
0.306259
0.334159
0.35878
0.364251
0.357893
0.352511
0.3473
0.35085
0.34434
0.33126
0.315114
0.28315
0.240128
0.203709
0.173667
0.1527
0.128552
0.10196
0.0661831
0.0367906
-0.00532038
-0.0461355
-0.06498
-0.0712288
-0.0920968
-0.132699
-0.167298
-0.193183
-0.230144
-0.245678
-0.264788
-0.331024
-0.431288
-0.519772
-0.615317
-0.719671
-0.803352
-0.857038
-0.854909
-0.830851
-0.77904
-0.692813
-0.591503
-0.470671
-0.332688
-0.229016
-0.112419
0.0140448
0.144404
0.246073
0.324501
0.370298
0.384624
0.379258
0.361939
0.347054
0.338739
0.338985
0.356279
0.364475
0.410117
0.458304
0.522197
0.589715
0.668542
0.757488
0.83831
0.917188
0.979436
1.02427
1.05511
1.05738
1.027
0.959526
0.880721
0.78135
0.66323
0.52667
0.404147
0.317115
0.233324
0.180315
0.153587
0.142482
0.143959
0.143301
0.129606
0.098454
0.0610499
0.0124008
-0.055152
-0.109373
-0.134826
-0.137186
-0.13243
-0.126817
-0.124062
-0.126288
-0.122992
-0.125098
-0.116849
-0.0914317
-0.0713563
-0.0720183
-0.133097
-0.235558
-0.33877
-0.467064
-0.578766
-0.667075
-0.735308
-0.775431
-0.810035
-0.847254
-0.857753
-0.850705
-0.813729
-0.746341
-0.650466
-0.555707
-0.462304
-0.370891
-0.302572
-0.230807
-0.176176
-0.138807
-0.123851
-0.100485
-0.0705437
-0.0394714
-0.0225695
-0.0350954
-0.0747532
-0.155247
-0.23709
-0.352251
-0.474334
-0.592107
-0.701451
-0.786447
-0.855855
-0.889296
-0.899395
-0.899255
-0.913115
-0.91918
-0.858765
-0.778755
-0.688459
-0.610499
-0.539205
-0.467996
-0.394336
-0.320547
-0.250726
-0.166515
-0.0858216
-0.0146787
0.0832071
0.183149
0.264529
0.337724
0.38914
0.430708
0.450927
0.445411
0.43633
0.438725
0.438336
0.425613
0.430123
0.434235
0.41336
0.371156
0.317312
0.276212
0.237739
0.189909
0.151851
0.129794
0.114609
0.115867
0.122053
0.132541
0.148021
0.166392
0.176551
0.197726
0.229073
0.274817
0.310881
0.316559
0.286362
0.225666
0.137398
0.0247751
-0.0959847
-0.195572
-0.274187
-0.350343
-0.418879
-0.469807
-0.496404
-0.491269
-0.473785
-0.439924
-0.399869
-0.361679
-0.320196
-0.304899
-0.322888
-0.355406
-0.396953
-0.429149
-0.464988
-0.502271
-0.546313
-0.603769
-0.656989
-0.683965
-0.692616
-0.687723
-0.664231
-0.63973
-0.622011
-0.615902
-0.618871
-0.621145
-0.634229
-0.63949
-0.615714
-0.57376
-0.526155
-0.474086
-0.417636
-0.358034
-0.299405
-0.247154
-0.20221
-0.142491
-0.0969052
-0.0468566
-0.0150498
0.00561154
0.0185859
0.0221763
0.0059182
-0.0438808
-0.135917
-0.253435
-0.385523
-0.474972
-0.522769
-0.519789
-0.485074
-0.452709
-0.399563
-0.321128
-0.246554
-0.14856
-0.0473317
0.0514425
0.148768
0.236416
0.316119
0.38512
0.43816
0.454617
0.456487
0.428873
0.385917
0.330684
0.276322
0.223444
0.18524
0.178955
0.184777
0.208212
0.260039
0.33913
0.446197
0.5646
0.666981
0.75332
0.817764
0.879581
0.93305
0.979396
1.02523
1.05875
1.07305
1.09769
1.13412
1.15777
1.16105
1.15406
1.11507
1.05064
0.973807
0.896779
0.814475
0.723472
0.627178
0.517816
0.399405
0.271
0.134685
-0.00361442
-0.134394
-0.234848
-0.294692
-0.295531
-0.251358
-0.188544
-0.121411
-0.0515805
0.0171328
0.0895802
0.171426
0.247099
0.290797
0.336562
0.378961
0.405412
0.41669
0.414676
0.390477
0.359261
0.343595
0.339471
0.328271
0.279551
0.222066
0.178505
0.148118
0.124888
0.107219
0.107787
0.106548
0.0911219
0.0551714
0.0043603
-0.0733593
-0.194836
-0.33596
-0.460868
-0.550102
-0.635979
-0.68497
-0.790099
-0.91624
-1.04487
-1.15588
-1.23375
-1.29003
-1.31105
-1.30396
-1.26872
-1.1902
-1.09005
-1.00469
-0.943987
-0.873383
-0.818235
-0.774141
-0.736441
-0.71883
-0.709471
-0.691998
-0.663807
-0.610403
-0.548982
-0.504421
-0.445298
-0.394894
-0.338997
-0.272946
-0.198815
-0.131619
-0.048287
0.0431432
0.131775
0.214765
0.29244
0.350983
0.406667
0.463243
0.528555
0.58051
0.623034
0.65294
0.679063
0.71468
0.737357
0.74692
0.735338
0.704168
0.663461
0.630176
0.606145
0.575057
0.541258
0.49156
0.432353
0.374094
0.300572
0.227265
0.159281
0.104006
0.0668577
0.0338231
-0.00752702
-0.0455529
-0.0783656
-0.0939351
-0.0974103
-0.102356
-0.115189
-0.128501
-0.129511
-0.141171
-0.180647
-0.224584
-0.272988
-0.332905
-0.391422
-0.437415
-0.479457
-0.504162
-0.517738
-0.5285
-0.528495
-0.509484
-0.487786
-0.45969
-0.438792
-0.405135
-0.360542
-0.289014
-0.196521
-0.0936322
0.0102218
0.107816
0.197833
0.27829
0.341689
0.393061
0.436822
0.470023
0.492798
0.507849
0.514481
0.511226
0.484778
0.445959
0.403591
0.371043
0.347113
0.327608
0.330726
0.301753
0.231406
0.153654
0.0986344
0.0835417
0.0914714
0.111191
0.143493
0.186244
0.250815
0.334361
0.438313
0.542304
0.645726
0.737154
0.810037
0.864061
0.911658
0.908051
0.882071
0.839471
0.796428
0.742252
0.679194
0.612983
0.545915
0.472862
0.386586
0.305866
0.242655
0.192868
0.155628
0.114826
0.0778565
0.0406402
0.0162541
0.0112649
0.0130781
0.0179993
0.0326276
0.0567315
0.0838915
0.102695
0.113193
0.12476
0.141516
0.163283
0.191711
0.224382
0.255574
0.29659
0.336062
0.369158
0.365155
0.355613
0.329834
0.296502
0.285912
0.317429
0.352702
0.383785
0.416289
0.448405
0.465952
0.455308
0.442828
0.439627
0.432903
0.434995
0.437644
0.431259
0.426363
0.424769
0.424725
0.421148
0.391419
0.343954
0.287276
0.238912
0.192153
0.159991
0.0729925
-0.0426351
-0.173929
-0.300457
-0.415073
-0.51917
-0.610589
-0.684876
-0.736346
-0.778777
-0.807022
-0.839048
-0.877102
-0.873465
-0.839516
-0.785234
-0.72701
-0.662254
-0.597798
-0.52132
-0.442131
-0.360408
-0.281263
-0.209258
-0.127035
-0.0504222
0.0232471
0.086957
0.13451
0.151414
0.122768
0.0816493
0.0409223
0.0125751
0.0133876
0.0369334
0.0717357
0.11415
0.180106
0.245242
0.314004
0.364746
0.418404
0.479489
0.529446
0.56439
0.586842
0.597679
0.584433
0.55697
0.50872
0.458058
0.401331
0.340575
0.286316
0.239363
0.193642
0.160373
0.12966
0.103613
0.0819888
0.0652176
0.0469628
0.0408693
0.0357642
0.0579746
0.0987847
0.139439
0.187117
0.220053
0.223767
0.201807
0.170777
0.131214
0.0830094
0.0337427
-0.0133608
-0.0817952
-0.163433
-0.233445
-0.285842
-0.321189
-0.331149
-0.320714
-0.294764
-0.274743
-0.254473
-0.222061
-0.184785
-0.156664
-0.138505
-0.126817
-0.119222
-0.122856
-0.125946
-0.131977
-0.134151
-0.132703
-0.14882
-0.171741
-0.199667
-0.226874
-0.245749
-0.251327
-0.261418
-0.263101
-0.259828
-0.256651
-0.244046
-0.219892
-0.19069
-0.151739
-0.101465
-0.0450139
0.0161632
0.0732099
0.117202
0.151477
0.169225
0.174224
0.167769
0.143288
0.114882
0.0945662
0.0832837
0.082316
0.0905396
0.11401
0.147514
0.185941
0.237937
0.25676
0.259429
0.269948
0.284053
0.293582
0.296907
0.286017
0.261034
0.218689
0.157486
0.0867858
0.0176401
-0.0438512
-0.11403
-0.179335
-0.234045
-0.267614
-0.283852
-0.280052
-0.25835
-0.226219
-0.190253
-0.154563
-0.11788
-0.0770587
-0.0362724
-0.000179307
0.0312688
0.0634796
0.0719369
0.066868
0.0577649
0.0367038
0.00360197
-0.0369254
-0.0704967
-0.116564
-0.175054
-0.242173
-0.310766
-0.379813
-0.455422
-0.508198
-0.559783
-0.599106
-0.632556
-0.630202
-0.624145
-0.607385
-0.587044
-0.554222
-0.502542
-0.441885
-0.364605
-0.285722
-0.209111
-0.137655
-0.0672312
-0.000995967
0.0484244
0.0915455
0.128662
0.167478
0.21069
0.255442
0.321183
0.398533
0.4708
0.526004
0.570479
0.599789
0.621008
0.620111
0.597297
0.572342
0.533954
0.480605
0.402297
0.3068
0.20275
0.0940833
-0.00996567
-0.102578
-0.182831
-0.251583
-0.303943
-0.337132
-0.351554
-0.351119
-0.341942
-0.302888
-0.253941
-0.209313
-0.150733
-0.0785281
0.00296027
0.0887019
0.185382
0.281044
0.3735
0.449046
0.513056
0.563551
0.595891
0.620772
0.639468
0.65603
0.671428
0.707911
0.758791
0.807208
0.851433
0.887741
0.919959
0.936345
0.92795
0.89803
0.867592
0.835128
0.798025
0.770376
0.73828
0.710712
0.695096
0.687701
0.677059
0.677615
0.766592
0.895139
1.06393
1.26944
1.4859
1.6634
1.80655
1.91463
1.9854
2.00837
1.96816
1.89264
1.79397
1.65728
1.50527
1.31516
1.10427
0.898551
0.699492
0.515683
0.343873
0.193903
0.0440641
-0.0669871
-0.154901
-0.228991
-0.317484
-0.401241
-0.481203
-0.540807
-0.570914
-0.586602
-0.590304
-0.585766
-0.537122
-0.412834
-0.233169
-0.0208991
0.173292
0.344761
0.47108
0.564626
0.63111
0.672402
0.713587
0.700641
0.631855
0.537121
0.427918
0.279667
0.0877735
-0.08737
-0.245523
-0.385103
-0.469334
-0.511668
-0.514777
-0.470466
-0.387806
-0.299367
-0.21917
-0.0124311
0.255894
0.511551
0.718202
0.865504
0.923631
0.871208
0.767819
0.648995
0.4557
0.260136
0.100016
-0.0390343
-0.146593
-0.213288
-0.259168
-0.266789
-0.260835
-0.24746
-0.166528
-0.0151243
0.18468
0.388925
0.535597
0.666287
0.798392
0.940523
1.10136
1.24287
1.39173
1.50775
1.59698
1.65036
1.63763
