-0.0324733
-0.0763425
-0.0911267
-0.103105
-0.113224
-0.112509
-0.0981529
-0.0944289
-0.122562
-0.160023
-0.163658
-0.164864
-0.147859
-0.131483
-0.100062
-0.0301011
0.0434026
0.107277
0.190965
0.243043
0.32325
0.372504
0.413521
0.490962
0.515877
0.557894
0.547922
0.530826
0.707415
0.841526
0.919774
0.954858
0.982806
0.993182
0.986008
0.987606
1.00149
0.986992
0.968188
0.937474
0.903753
0.834168
0.78194
0.715692
0.624958
0.553772
0.524333
0.491189
0.475312
0.469517
0.772761
0.877037
0.939606
1.00132
1.10458
1.14362
1.12853
1.10013
1.05562
0.995152
0.949808
0.846003
0.735405
0.632477
0.421035
0.255862
0.0998912
-0.0419516
-0.104343
-0.138118
-0.0636161
-0.0311048
0.0141905
0.0692594
0.103456
0.144449
0.23598
0.319835
0.356992
0.381523
0.398483
0.392577
0.409077
0.363127
0.325566
0.325557
0.32628
0.359154
0.326621
0.29706
0.274099
0.198821
0.127844
0.109584
0.0971699
0.103075
0.0713237
0.0411582
-0.0204369
-0.0317645
-0.108804
-0.147891
-0.107471
-0.0787372
-0.140517
-0.23437
-0.251811
-0.253268
-0.322975
-0.277608
-0.310107
-0.50823
-0.696905
-0.745439
-0.859072
-0.987777
-1.0092
-0.975024
-0.818928
-0.731585
-0.605954
-0.438304
-0.310624
-0.144061
0.0283075
0.0217582
0.167173
0.316372
0.459209
0.478849
0.494138
0.454418
0.386028
0.334597
0.294118
0.286595
0.305537
0.338411
0.411036
0.39412
0.544062
0.594504
0.695415
0.766497
0.870619
0.982784
1.03712
1.1079
1.12365
1.11572
1.11362
1.03776
0.922298
0.757643
0.657049
0.511369
0.34988
0.17279
0.0977956
0.115697
0.0456798
0.0785295
0.121205
0.145687
0.177035
0.162163
0.103241
0.0144463
-0.0427741
-0.119511
-0.24072
-0.252293
-0.192467
-0.127937
-0.10154
-0.0946514
-0.103465
-0.124664
-0.109142
-0.130748
-0.100472
-0.0285315
-0.0213415
-0.0770416
-0.304239
-0.517696
-0.617717
-0.810989
-0.868557
-0.886879
-0.89273
-0.846963
-0.863587
-0.909251
-0.856305
-0.811997
-0.698011
-0.559204
-0.391319
-0.306087
-0.222113
-0.138906
-0.140749
-0.0658394
-0.0598128
-0.0709232
-0.113843
-0.0601667
-0.00384173
0.0334821
0.0140437
-0.0764029
-0.190744
-0.378095
-0.458808
-0.662438
-0.799655
-0.895574
-0.971726
-0.980904
-1.00337
-0.938192
-0.888078
-0.869509
-0.926772
-0.92189
-0.6844
-0.558821
-0.448776
-0.410649
-0.363505
-0.292877
-0.213604
-0.142562
-0.0911288
0.0293545
0.108918
0.156089
0.33037
0.43265
0.459556
0.509433
0.50076
0.516106
0.477642
0.406366
0.392183
0.429588
0.431154
0.389991
0.444547
0.450112
0.359182
0.259836
0.173908
0.167185
0.137516
0.0679951
0.059837
0.0819997
0.0901998
0.138251
0.152921
0.1694
0.193306
0.218446
0.203112
0.250369
0.308289
0.393462
0.400553
0.322593
0.193359
0.0506631
-0.109345
-0.283162
-0.42102
-0.452396
-0.46395
-0.524057
-0.566766
-0.569364
-0.532858
-0.446214
-0.403761
-0.335235
-0.287661
-0.258669
-0.21085
-0.273936
-0.387547
-0.459515
-0.522229
-0.521261
-0.563001
-0.598417
-0.65643
-0.746997
-0.782536
-0.737246
-0.699927
-0.661021
-0.589725
-0.563695
-0.568527
-0.597621
-0.629393
-0.634667
-0.679623
-0.659891
-0.553142
-0.459899
-0.394962
-0.331723
-0.266318
-0.202791
-0.152003
-0.121053
-0.101855
-0.00256057
0.00645977
0.071574
0.053603
0.0451085
0.0392733
0.0196721
-0.0490026
-0.189211
-0.394558
-0.57201
-0.737397
-0.697431
-0.625628
-0.479541
-0.357265
-0.334482
-0.229361
-0.0916445
-0.043767
0.105023
0.20039
0.288906
0.380693
0.444235
0.503843
0.539941
0.550731
0.470443
0.433611
0.332457
0.253859
0.171963
0.128298
0.0861761
0.095023
0.181492
0.221866
0.289325
0.416538
0.562665
0.738478
0.877696
0.926494
0.960179
0.959511
1.01528
1.04437
1.07174
1.1207
1.12571
1.0947
1.15507
1.22556
1.21359
1.159
1.12643
1.00072
0.869417
0.764564
0.691598
0.597248
0.490142
0.38826
0.247388
0.106951
-0.0443489
-0.20246
-0.345986
-0.454014
-0.46707
-0.413886
-0.253662
-0.090284
0.0138374
0.0815065
0.14652
0.199298
0.270155
0.367915
0.421118
0.374825
0.432886
0.472571
0.458246
0.429742
0.393875
0.311201
0.265868
0.300614
0.332393
0.299186
0.150256
0.0734287
0.0709338
0.0779508
0.074269
0.0686852
0.118297
0.113968
0.0610369
-0.0328652
-0.131273
-0.285122
-0.523777
-0.712183
-0.784355
-0.767884
-0.836624
-0.778674
-1.0398
-1.22361
-1.35759
-1.4211
-1.41423
-1.41683
-1.34088
-1.25372
-1.14462
-0.944722
-0.803683
-0.775382
-0.795412
-0.704341
-0.695671
-0.6855
-0.66375
-0.699093
-0.707479
-0.656761
-0.591873
-0.468505
-0.388972
-0.389524
-0.292016
-0.268565
-0.199036
-0.109949
-0.0175915
0.0290453
0.157019
0.273175
0.353372
0.415684
0.479431
0.48183
0.530204
0.591133
0.682704
0.696542
0.717181
0.716217
0.734677
0.798677
0.787035
0.759062
0.690997
0.609561
0.5493
0.539682
0.544363
0.494995
0.456462
0.368156
0.28471
0.230836
0.114413
0.0412567
-0.0112237
-0.0279451
-0.0114212
-0.0337296
-0.0984629
-0.129909
-0.150814
-0.119724
-0.0953204
-0.108271
-0.145666
-0.160523
-0.125721
-0.168131
-0.287778
-0.34364
-0.403144
-0.49053
-0.540411
-0.549088
-0.579682
-0.554753
-0.534097
-0.538672
-0.514925
-0.446324
-0.421591
-0.381885
-0.385353
-0.317955
-0.246639
-0.101476
0.0463223
0.172589
0.274666
0.352906
0.417795
0.468889
0.480233
0.498461
0.522221
0.531836
0.53213
0.531582
0.519751
0.493096
0.406131
0.337349
0.287963
0.286072
0.289226
0.28389
0.350897
0.232671
0.0484856
-0.0473507
-0.0398136
0.0551061
0.124986
0.176867
0.24315
0.312772
0.439254
0.56516
0.710654
0.803503
0.899917
0.957583
0.977796
0.978306
1.00876
0.864317
0.783585
0.703422
0.669739
0.592326
0.513101
0.444941
0.380362
0.294507
0.177371
0.108793
0.0941617
0.0806695
0.0791523
0.0262018
-0.00229643
-0.0419538
-0.0322803
0.0130906
0.0274632
0.0370445
0.0775064
0.126319
0.160516
0.151622
0.13641
0.148118
0.179166
0.21645
0.262942
0.306328
0.333851
0.40312
0.437925
0.450604
0.34094
0.316914
0.248369
0.19763
0.254635
0.406033
0.451499
0.472871
0.509528
0.539453
0.508587
0.417383
0.396543
0.416938
0.40383
0.439286
0.445924
0.415526
0.417186
0.426714
0.429325
0.410808
0.307545
0.213686
0.13338
0.113274
0.0740676
0.0833274
-0.153922
-0.343553
-0.511658
-0.618614
-0.698862
-0.772605
-0.827506
-0.850242
-0.836421
-0.850355
-0.850208
-0.901812
-0.964256
-0.848819
-0.735481
-0.63085
-0.567832
-0.489511
-0.428757
-0.323334
-0.240924
-0.159532
-0.0956625
-0.0414231
0.07148
0.133787
0.198524
0.23486
0.237417
0.172536
0.0211885
-0.0483427
-0.0820699
-0.0707182
0.0189592
0.109047
0.177403
0.241024
0.370061
0.425552
0.492184
0.485135
0.542129
0.62144
0.642129
0.637677
0.627347
0.608277
0.534861
0.471818
0.371189
0.316158
0.248662
0.184386
0.152742
0.128866
0.088626
0.0914121
0.0655273
0.0506076
0.0370551
0.0318684
0.00664102
0.0317001
0.0278989
0.124846
0.213748
0.251831
0.315248
0.303755
0.223768
0.130068
0.0736838
0.0136055
-0.0565638
-0.100604
-0.133925
-0.256749
-0.367597
-0.401403
-0.405484
-0.395847
-0.336546
-0.272346
-0.207882
-0.208256
-0.190298
-0.132256
-0.0895488
-0.0908341
-0.10213
-0.108878
-0.109959
-0.141563
-0.139308
-0.153346
-0.143468
-0.128578
-0.191112
-0.232074
-0.273234
-0.297254
-0.291537
-0.260939
-0.283108
-0.261687
-0.244007
-0.240444
-0.20538
-0.152197
-0.112667
-0.0496591
0.0301607
0.102642
0.172506
0.215853
0.221404
0.226441
0.198377
0.169993
0.133702
0.0631146
0.0296917
0.0375068
0.0563666
0.0870965
0.12119
0.186787
0.245232
0.293831
0.379273
0.299142
0.25405
0.286637
0.311162
0.308932
0.296425
0.249599
0.189417
0.103039
-0.00329529
-0.101411
-0.164803
-0.199326
-0.288767
-0.336723
-0.359058
-0.333524
-0.303171
-0.247722
-0.182549
-0.128224
-0.0869981
-0.0560422
-0.0236533
0.0238868
0.0610191
0.0832305
0.101467
0.137145
0.081549
0.0415313
0.0238415
-0.0281443
-0.0916462
-0.148236
-0.158133
-0.235733
-0.325069
-0.410829
-0.482866
-0.551563
-0.642487
-0.630575
-0.679461
-0.685041
-0.700539
-0.601325
-0.590156
-0.548865
-0.523592
-0.461151
-0.364115
-0.280786
-0.163552
-0.0848876
-0.0198956
0.03853
0.102696
0.155668
0.156124
0.1825
0.205991
0.252126
0.311949
0.362971
0.488094
0.597241
0.654663
0.661435
0.673057
0.659267
0.657711
0.596849
0.516639
0.489902
0.422693
0.336138
0.194817
0.0564131
-0.0653395
-0.18173
-0.266935
-0.325381
-0.370642
-0.404469
-0.411257
-0.39318
-0.361613
-0.32694
-0.300383
-0.1855
-0.116104
-0.0895037
0.00272676
0.107533
0.210333
0.304305
0.428288
0.517629
0.597301
0.627185
0.658842
0.66973
0.654043
0.662311
0.668229
0.683112
0.701329
0.80048
0.893744
0.934141
0.965791
0.978256
0.996194
0.967303
0.889558
0.801221
0.77206
0.741268
0.698374
0.701323
0.660226
0.647734
0.66784
0.68251
0.658897
0.686149
1.0188
1.2504
1.52122
1.81925
2.05221
2.10874
2.14768
2.15124
2.11106
1.99892
1.80086
1.64268
1.49927
1.27942
1.10572
0.821631
0.565988
0.386694
0.215435
0.0788352
-0.0604857
-0.149084
-0.298191
-0.305559
-0.332802
-0.37958
-0.518259
-0.59399
-0.668353
-0.674654
-0.627406
-0.606378
-0.584333
-0.55714
-0.387903
-0.0590922
0.259419
0.547776
0.675663
0.772794
0.766836
0.763518
0.750883
0.720062
0.768156
0.621208
0.416142
0.269523
0.132711
-0.11227
-0.417248
-0.535295
-0.637152
-0.718025
-0.638109
-0.567724
-0.471153
-0.303349
-0.124477
-0.0384545
-0.00328134
0.543414
0.965248
1.16609
1.22687
1.20181
1.00965
0.656653
0.42487
0.273883
-0.117374
-0.277567
-0.304569
-0.364829
-0.373753
-0.322416
-0.317608
-0.23636
-0.205365
-0.180237
0.0653628
0.398731
0.722787
0.924707
0.899626
0.980601
1.10954
1.27663
1.48311
1.56336
1.73848
1.77375
1.80037
1.7606
1.56006
