-0.0880949
-0.0454021
-0.00583699
0.0181153
0.0527827
0.100322
0.13738
0.181528
0.225843
0.273241
0.301917
0.345305
0.37315
0.380398
0.380746
0.376055
0.348655
0.313285
0.297627
0.270335
0.19585
0.126777
0.103623
0.126008
0.147643
0.202238
0.240698
0.279515
0.272856
0.268853
0.246472
0.212113
0.174369
0.166209
0.179948
0.205311
0.245966
0.279825
0.274278
0.273259
0.224322
0.17201
0.161163
0.153092
0.156222
0.143328
0.147855
0.129276
0.155842
0.155939
0.127033
0.113574
0.0624567
0.0176085
-0.0942985
-0.238726
-0.352215
-0.442375
-0.526106
-0.584929
-0.624166
-0.654398
-0.654142
-0.65152
-0.631263
-0.592251
-0.517468
-0.383775
-0.288056
-0.224074
-0.17087
-0.127761
-0.0808391
-0.0536964
-0.0336471
-0.0267755
0.00273561
0.0692444
0.106918
0.126767
0.133995
0.106415
0.0639489
0.0603573
0.050151
0.0196185
-0.00460008
0.0193296
0.010957
0.0191113
0.00199283
0.00722427
-0.00193724
-0.0263302
-0.0399056
-0.0424909
-0.0701055
-0.0900342
-0.129348
-0.176694
-0.218186
-0.223653
-0.247138
-0.243695
-0.265618
-0.293857
-0.319188
-0.316754
-0.317614
-0.331917
-0.325744
-0.300183
-0.255754
-0.210867
-0.170612
-0.168
-0.142074
-0.117229
0.00486075
0.00690534
0.0846843
0.156344
0.178132
0.191553
0.175887
0.142787
0.115733
0.120194
0.143805
0.151287
0.183878
0.169891
0.200692
0.179749
0.15823
0.161571
0.15737
0.174314
0.236394
0.285007
0.347508
0.356051
0.374972
0.359453
0.32833
0.276703
0.214344
0.181654
0.139907
0.0745898
0.00192752
-0.0910434
-0.167396
-0.206086
-0.249292
-0.288393
-0.308168
-0.307673
-0.299493
-0.310133
-0.326011
-0.338238
-0.327399
-0.348892
-0.387634
-0.389517
-0.354392
-0.324378
-0.29359
-0.24519
-0.25011
-0.216068
-0.176459
-0.1476
-0.115691
-0.0935282
-0.0861238
-0.0595824
-0.0329437
-0.0660623
-0.14239
-0.18216
-0.192944
-0.202656
-0.215728
-0.213387
-0.175704
-0.164648
-0.137415
-0.114785
-0.0973931
-0.0859622
-0.0761013
-0.0324077
0.0108724
0.0514324
0.0870265
0.108299
0.13124
0.162748
0.221888
0.278818
0.31791
0.340017
0.418993
0.488812
0.528527
0.493802
0.443652
0.427864
0.418065
0.428039
0.84526
1.5607
1.7936
1.84146
1.90029
1.84441
1.82798
1.7234
1.66756
1.5822
1.4349
1.32839
1.18189
1.13011
1.04165
0.969421
0.886626
0.807462
0.799113
0.75635
0.778316
0.850103
0.842727
0.831328
0.835572
0.84323
0.74285
0.744279
0.735486
0.776636
0.736435
0.607296
0.511492
0.43691
0.310332
0.204232
0.262458
0.312913
0.23991
0.197122
0.320442
0.471425
0.58708
0.600204
0.553351
0.481583
0.397519
0.30582
0.179342
0.019792
-0.114614
-0.178022
-0.179013
-0.25564
-0.312939
-0.3499
-0.395901
-0.435783
-0.495271
-0.505721
-0.541392
-0.516801
-0.501848
-0.456222
-0.474507
-0.504111
-0.506914
-0.427439
-0.27357
-0.181006
-0.0187276
0.149667
0.177366
0.170108
0.214788
0.226701
0.168434
0.127942
0.016644
-0.0373417
-0.103359
-0.140793
-0.17773
-0.177705
-0.0953285
0.00909772
0.0966892
0.175707
0.212583
0.264003
0.279956
0.200066
0.154838
0.318834
0.38813
0.398398
0.423551
0.440593
0.534109
0.551598
0.596016
0.781635
0.872623
0.908468
0.931625
0.914558
0.914636
0.906517
0.901496
0.851879
0.666883
0.385994
0.301186
0.406155
0.412975
0.416809
0.494844
0.396605
0.364167
0.296183
0.184978
0.0887146
0.000717496
-0.0137558
-0.0467246
-0.092813
-0.153483
-0.302234
-0.482962
-0.663904
-0.748606
-0.844281
-0.899064
-0.95824
-0.952104
-0.997832
-1.05403
-1.01729
-0.923374
-0.790954
-0.583887
-0.436433
-0.337188
-0.26516
-0.176127
-0.0927079
0.0523294
0.107479
0.252594
0.438674
0.620638
0.725862
0.79821
0.839641
0.883667
0.925536
0.857371
0.819529
0.46896
0.0499331
-0.242239
-0.476893
-0.664218
-0.792826
-0.877028
-0.883073
-0.898462
-0.885783
-0.932861
-0.931905
-0.969643
-0.98035
-0.94345
-0.910066
-0.854341
-0.798776
-0.726174
-0.629695
-0.582379
-0.57183
-0.515458
-0.448761
-0.402129
-0.346666
-0.303853
-0.358513
-0.367631
-0.381644
-0.44385
-0.484437
-0.564926
-0.592304
-0.63142
-0.685352
-0.728471
-0.769922
-0.77154
-0.784343
-0.735069
-0.616627
-0.557496
-0.494193
-0.438061
-0.451514
-0.539199
-0.564628
-0.563249
-0.547808
-0.577359
-0.5382
-0.504048
-0.508105
-0.356014
-0.355322
-0.320568
-0.187072
-0.121553
-0.0172648
0.0160907
0.0295257
0.156465
0.281407
0.41935
0.448375
0.516178
0.515298
0.554992
0.476312
0.348186
0.238814
0.129975
0.127545
0.134172
0.175141
0.178899
0.238438
0.251704
0.244049
0.235724
0.0862403
0.0487595
0.0167367
0.0256697
0.0882946
0.139905
0.0722114
0.0224301
0.0102842
-0.00280125
0.0288446
0.00634093
-0.0168836
-0.00659407
-0.00741618
-0.0191922
-0.0440722
0.0352667
0.0643123
0.159629
0.228509
0.303613
0.275356
0.2084
0.112174
0.0262728
-0.0663163
-0.123942
-0.116536
-0.0470978
0.0109946
0.126859
0.188176
0.256165
0.298745
0.352753
0.432448
0.528049
0.566626
0.55847
0.486955
0.401534
0.24483
0.0228013
-0.149207
-0.232472
-0.293896
-0.351599
-0.384431
-0.399269
-0.402645
-0.405823
-0.420395
-0.381329
-0.356446
-0.283093
-0.192214
-0.0984478
-0.0177502
0.0525027
0.0921899
0.105348
0.132633
0.139593
0.131159
0.163374
0.167444
0.150269
0.138894
0.154959
0.196018
0.272622
0.283435
0.239767
0.15036
0.0573412
-0.0155877
-0.0794491
-0.138455
-0.145286
-0.139294
-0.166343
-0.172249
-0.240024
-0.341314
-0.372261
-0.313324
-0.258617
-0.214983
-0.203021
-0.175916
-0.026717
0.289432
1.26541
1.96758
2.34824
3.03713
3.81885
4.77239
5.23771
5.28259
5.07809
4.47897
3.59678
3.06009
2.43758
1.69619
1.1825
0.745883
0.337109
0.0511719
-0.253604
-0.540051
-0.716385
-0.639627
-0.508559
-0.36888
-0.396069
-0.424493
-0.436339
-0.28494
-0.100866
-0.0493832
0.0650951
0.153543
0.223983
0.266668
0.204672
0.193405
0.123554
0.0803112
0.143037
0.267386
0.260214
1.11249
1.47621
1.61001
1.71885
1.5843
1.47871
1.54404
1.53359
1.52738
1.56137
1.53503
1.51088
1.44707
1.20959
1.08745
1.01325
0.877599
0.753176
0.581548
0.349769
0.231336
0.0515033
-0.064624
-0.13218
-0.269223
-0.414994
-0.522827
-0.447899
-0.491383
-0.474156
-0.452543
-0.35514
-0.470546
-0.692925
-0.78815
-1.01511
-0.992323
-0.891731
-0.79795
-0.712136
-0.633086
-0.537737
-0.55276
-0.548126
-0.575021
-0.608287
-0.611137
-0.630292
-0.618695
-0.576097
-0.496559
-0.325163
-0.155817
0.0579485
0.291725
0.481729
0.514224
0.557849
0.603503
0.575033
0.480395
0.334758
0.235993
0.243133
0.271913
0.32079
0.421648
0.480343
0.42095
0.280855
0.0611262
-0.350572
-0.769336
-1.02732
-1.27254
-1.56311
-1.71979
-1.7031
-1.69612
-1.65361
-1.58824
-1.46986
-1.34511
-1.25589
-1.11431
-0.95957
-0.731
-0.486113
-0.264195
-0.276615
-0.253424
-0.259402
-0.206652
-0.187334
-0.140561
-0.101914
-0.0351459
-0.035534
-0.0966665
-0.160359
-0.282703
-0.350402
-0.373656
-0.215238
-0.110452
-0.0963775
-0.0778289
-0.0472627
-0.0223055
-0.0308225
-0.0643367
-0.160984
-0.165424
-0.114649
-0.0815633
-0.0398847
-0.0533182
0.0073539
0.0736784
0.100221
0.0821262
-0.011068
0.0261106
0.135566
0.321561
0.401697
0.40827
0.40015
0.420146
0.412153
0.447727
0.499484
0.668878
0.827273
0.905462
1.14166
1.23875
1.2442
1.24948
1.16588
1.09655
0.942362
0.798223
0.768554
0.660731
0.549016
0.497079
0.380194
0.23134
0.131252
0.0620575
-0.00712327
0.100362
0.183681
0.329697
0.387434
0.407005
0.442755
0.520947
0.509386
0.3916
0.475267
0.543598
0.574369
0.592899
0.588448
0.62831
0.616588
0.562332
0.581135
0.585791
0.562881
0.587641
0.637053
0.676544
0.754371
0.809961
0.84928
0.911693
1.0259
1.13878
1.38512
1.59986
1.69558
1.65806
1.68214
1.79578
1.95231
1.90032
1.84524
1.69544
1.56549
1.49331
1.44875
1.45915
1.41624
1.47363
1.51081
1.48756
1.46998
1.53281
1.67764
1.70902
1.58219
1.37658
1.17331
0.876153
0.454859
0.0587546
-0.18055
-0.254602
-0.389025
-0.432528
-0.482865
-0.527689
-0.608337
-0.501085
-0.29129
-0.17507
-0.0490847
-0.0243499
-0.140767
0.0186119
0.198934
0.348184
0.456665
0.497282
0.565616
0.631055
0.661579
0.696479
0.719006
0.64995
0.41426
0.289261
0.145118
0.0640965
0.0288853
-0.0536227
-0.104413
-0.184813
-0.193342
-0.239846
-0.268972
-0.269988
-0.151666
-0.0809651
-0.0834531
-0.0733768
-0.0261968
-0.0631612
-0.0874654
-0.123698
-0.0752824
0.0320359
0.204872
0.28567
0.393482
0.622069
0.730249
1.07614
1.41933
1.53159
1.49866
1.37902
1.27518
1.21884
1.19863
1.14822
1.11403
1.09646
1.06936
1.18237
1.26856
1.26659
1.23323
1.28897
1.21945
1.27619
1.29083
1.16473
0.928152
0.78751
0.68369
0.609558
0.555813
0.357928
0.146577
0.0901452
0.367009
0.329096
0.143089
-0.0382908
-0.159772
-0.277975
-0.360063
-0.31151
-0.395513
-0.28182
-0.139973
0.0635178
0.0243621
0.166619
0.293866
0.43837
0.532553
0.675749
0.986586
1.28879
1.46128
1.33818
1.21323
1.0218
0.654159
0.300131
0.0747659
0.0883113
-0.0922516
-0.163097
-0.332309
-0.413094
-0.593318
-0.672984
-0.722181
-0.85805
-1.00401
-1.04184
-1.03051
-1.12472
-1.11436
-1.17437
-1.23977
-1.16669
-0.982662
-0.62221
-0.45127
-0.289196
-0.117989
0.177275
0.428572
0.672632
0.808521
1.06278
1.39132
1.82699
2.13684
2.42967
2.50642
2.50481
2.59332
2.47287
2.16991
2.28782
2.11995
1.67918
1.17498
0.860203
0.476176
-0.0901394
-0.435945
-0.574163
-0.605269
-0.546524
-0.356018
-0.185167
-0.0933152
0.109918
0.284647
0.600573
0.877126
1.03299
1.20735
1.12662
1.27866
1.15397
1.14078
0.994719
1.00899
1.03849
0.987105
0.924084
0.797896
0.816847
0.805375
0.626748
0.546924
0.442361
0.327395
0.191629
