14.250000
14.280000
14.040000
13.980000
13.820000
13.520000
13.500000
13.320000
13.410000
13.640000
13.630000
13.480000
13.480000
13.370000
13.020000
13.070000
13.080000
13.080000
13.300000
13.400000
13.450000
13.400000
13.180000
12.930000
13.140000
13.180000
13.440000
13.450000
13.500000
13.450000
13.600000
13.840000
13.900000
14.080000
14.220000
14.350000
14.270000
14.540000
14.560000
14.520000
14.540000
14.590000
14.420000
14.360000
14.550000
14.450000
14.010000
13.940000
14.260000
14.670000
14.810000
15.200000
15.220000
15.350000
15.080000
15.120000
14.990000
14.890000
14.790000
14.950000
15.140000
15.340000
15.620000
15.720000
15.510000
15.590000
15.210000
15.070000
15.370000
15.400000
15.510000
15.370000
15.560000
15.450000
15.900000
15.770000
15.520000
15.590000
15.210000
15.110000
14.350000
13.830000
13.750000
13.680000
13.460000
13.460000
13.400000
13.350000
13.440000
13.310000
13.380000
13.470000
13.780000
14.350000
14.180000
14.010000
13.990000
13.930000
14.030000
13.890000
13.850000
13.710000
13.890000
14.300000
14.170000
14.150000
14.160000
13.900000
13.730000
14.010000
13.950000
13.780000
13.760000
14.160000
13.910000
14.070000
13.930000
14.090000
13.970000
13.790000
13.750000
13.800000
13.600000
13.590000
13.330000
13.130000
13.110000
13.290000
13.110000
13.240000
12.960000
12.800000
12.690000
12.830000
12.780000
12.590000
12.670000
12.780000
12.950000
13.010000
13.020000
12.720000
12.910000
12.900000
13.800000
12.940000
13.670000
13.790000
13.470000
13.480000
13.270000
13.130000
13.150000
13.400000
13.550000
13.510000
13.770000
13.580000
13.900000
13.630000
13.620000
13.800000
13.790000
13.980000
14.450000
14.500000
14.820000
14.540000
14.740000
14.550000
14.410000
14.170000
14.030000
14.140000
14.020000
13.750000
13.570000
13.300000
13.260000
13.470000
13.270000
13.200000
13.240000
13.310000
13.330000
13.090000
13.010000
12.950000
13.040000
12.690000
12.370000
12.510000
12.800000
12.710000
12.730000
12.890000
12.470000
12.780000
12.850000
12.800000
12.840000
12.810000
12.670000
12.810000
12.890000
12.420000
11.890000
12.040000
12.210000
12.100000
12.040000
12.120000
12.430000
12.250000
12.400000
12.370000
12.400000
12.410000
12.340000
12.570000
12.680000
12.770000
12.790000
12.770000
12.830000
13.010000
13.340000
13.500000
13.500000
13.490000
14.110000
14.250000
14.270000
13.810000
13.670000
13.940000
14.040000
14.290000
18.219999
22.150000
19.600000
18.690001
19.200001
18.650000
19.209999
18.660000
19.080000
18.920000
18.430000
18.719999
18.360001
19.639999
19.940001
19.790001
19.620001
19.740000
20.350000
20.230000
20.840000
21.600000
21.250000
21.350000
21.690001
21.879999
21.240000
21.850000
21.530001
22.250000
21.799999
21.040001
21.190001
21.299999
20.879999
20.780001
22.160000
22.389999
21.450001
21.590000
23.090000
23.650000
23.879999
23.270000
22.750000
22.480000
22.309999
22.010000
21.440001
21.070000
20.969999
21.160000
21.570000
21.090000
21.100000
21.190001
20.850000
20.719999
20.420000
20.650000
20.280001
20.650000
20.510000
20.629999
20.059999
19.959999
19.990000
20.540001
21.290001
20.930000
21.760000
22.160000
21.280001
20.980000
21.520000
21.360001
20.799999
20.780001
20.000000
20.230000
20.080000
20.270000
20.110001
20.480000
21.299999
21.610001
21.650000
21.900000
21.680000
21.879999
21.700001
20.830000
21.040001
22.900000
22.430000
22.010000
22.299999
22.379999
23.200001
22.860001
23.299999
24.750000
24.459999
24.320000
24.320000
24.240000
24.750000
24.799999
24.910000
24.700001
23.459999
22.299999
23.490000
25.190001
24.780001
24.850000
25.620001
24.280001
24.830000
24.580000
23.959999
23.950001
23.860001
24.190001
23.840000
23.730000
23.740000
22.690001
21.900000
21.530001
21.750000
21.410000
21.420000
20.990000
21.299999
20.650000
20.340000
20.969999
21.530001
21.889999
22.490000
22.219999
21.950001
21.790001
22.090000
22.129999
22.799999
22.350000
23.209999
23.889999
24.360001
24.219999
24.290001
24.340000
24.620001
24.860001
24.080000
24.360001
21.510000
20.219999
20.430000
20.360001
20.360001
20.510000
20.490000
20.900000
20.680000
20.790001
20.209999
20.360001
19.940001
19.580000
19.670000
19.530001
19.680000
19.580000
19.670000
19.860001
19.540001
19.129999
19.450001
19.440001
19.270000
19.340000
19.160000
18.490000
18.799999
18.670000
18.110001
18.100000
17.559999
17.730000
17.360001
17.070000
16.910000
16.719999
16.860001
16.629999
16.990000
17.660000
17.270000
17.260000
17.250000
16.559999
15.740000
15.980000
16.049999
16.020000
15.490000
15.970000
15.860000
15.530000
17.020000
15.810000
16.059999
17.040001
16.580000
16.990000
16.559999
16.469999
17.570000
17.799999
18.320000
17.650000
18.110001
17.860001
18.090000
17.200001
16.740000
16.600000
16.490000
17.270000
17.350000
17.860001
17.690001
18.389999
18.040001
18.010000
18.049999
16.680000
17.389999
17.299999
17.520000
18.070000
18.200001
17.280001
17.389999
17.530001
17.570000
17.870001
17.490000
17.400000
17.490000
17.469999
17.420000
17.340000
18.350000
18.120001
18.650000
18.660000
18.889999
18.160000
17.750000
17.320000
17.190001
16.930000
17.139999
17.540001
18.120001
18.290001
18.900000
18.740000
19.059999
19.059999
19.219999
19.590000
19.910000
19.690001
19.400000
18.889999
18.719999
18.000000
17.100000
17.059999
17.469999
17.450001
17.299999
17.350000
17.500000
17.610001
17.580000
17.410000
17.799999
17.690001
18.040001
18.170000
18.350000
18.420000
18.500000
18.320000
18.160000
18.320000
18.170000
18.000000
18.340000
18.219999
18.059999
18.139999
18.459999
18.860001
19.350000
18.950001
18.500000
18.010000
17.820000
17.780001
17.670000
17.610001
17.950001
17.990000
17.700001
17.830000
17.260000
16.809999
17.129999
17.780001
17.780001
17.750000
17.500000
17.629999
18.809999
20.730000
27.700001
27.590000
26.530001
30.549999
33.380001
37.369999
35.849998
33.820000
32.419998
29.000000
25.650000
27.540001
26.240000
25.010000
25.780001
25.500000
25.520000
26.379999
26.350000
25.820000
26.030001
27.920000
28.270000
28.330000
27.430000
27.180000
27.000000
28.010000
28.580000
27.830000
28.290001
28.010000
27.540001
27.459999
26.900000
27.330000
27.020000
27.280001
28.010000
28.840000
28.200001
36.320000
33.880001
32.900002
33.150002
31.350000
31.600000
33.110001
32.700001
32.869999
33.480000
33.400002
33.740002
33.500000
32.980000
33.410000
33.740002
33.209999
32.980000
32.490002
31.889999
32.540001
31.799999
32.180000
32.419998
31.670000
31.209999
31.219999
32.020000
31.230000
31.629999
31.590000
32.369999
30.469999
29.090000
29.580000
28.030001
29.650000
30.170000
30.090000
30.100000
30.250000
30.330000
29.430000
29.500000
29.230000
28.790001
28.740000
28.459999
28.420000
28.780001
29.150000
30.139999
30.490000
31.280001
31.900000
32.000000
30.990000
31.180000
31.219999
30.830000
30.290001
29.610001
29.930000
30.650000
30.990000
31.340000
32.099998
32.090000
31.219999
30.350000
29.360001
27.110001
26.040001
26.410000
25.730000
24.610001
25.040001
26.080000
25.760000
25.940001
25.950001
26.190001
26.160000
25.840000
26.000000
26.080000
27.000000
27.469999
27.600000
25.850000
26.120001
25.719999
26.129999
25.760000
25.969999
25.959999
26.250000
25.809999
25.389999
25.410000
24.730000
25.000000
25.090000
26.700001
26.410000
25.870001
25.870001
26.040001
26.030001
25.809999
25.520000
24.770000
25.370001
25.670000
25.570000
25.680000
25.590000
26.190001
26.350000
26.110001
25.820000
25.070000
26.040001
26.740000
27.660000
27.260000
26.860001
26.850000
27.160000
27.000000
27.400000
27.740000
29.049999
29.410000
29.040001
30.959999
30.500000
30.219999
30.459999
29.760000
29.870001
29.150000
29.020000
29.959999
29.299999
29.299999
29.790001
29.160000
29.020000
29.100000
29.139999
28.990000
30.459999
30.590000
31.350000
30.910000
30.920000
31.100000
31.650000
31.049999
30.000000
31.680000
31.650000
31.559999
31.590000
31.670000
32.240002
32.049999
31.740000
32.419998
32.389999
32.380001
32.810001
33.029999
33.439999
34.040001
34.150002
34.290001
34.790001
35.549999
35.950001
37.549999
38.180000
37.830002
37.070000
37.840000
39.090000
40.209999
38.910000
39.099998
38.430000
38.630001
39.250000
39.630001
40.549999
40.490002
41.529999
41.680000
41.610001
42.049999
43.209999
44.250000
43.840000
42.669998
41.959999
41.820000
40.700001
39.130001
38.369999
39.049999
40.110001
39.450001
39.990002
39.869999
39.830002
39.419998
40.790001
41.939999
41.529999
41.709999
40.830002
39.380001
41.740002
42.349998
42.389999
42.459999
42.070000
42.360001
42.380001
42.450001
42.869999
42.930000
42.259998
40.610001
41.099998
41.070000
41.419998
41.630001
41.209999
41.250000
40.919998
41.419998
41.099998
41.099998
41.189999
42.220001
41.799999
41.400002
41.630001
41.860001
41.150002
41.099998
40.900002
41.560001
42.240002
43.049999
42.599998
43.040001
44.590000
44.080002
46.750000
47.700001
46.599998
45.619999
44.930000
45.009998
45.490002
46.009998
45.950001
46.150002
46.480000
46.750000
48.049999
48.669998
48.470001
48.279999
49.139999
48.320000
49.599998
49.680000
48.680000
47.529999
48.029999
48.299999
48.500000
48.709999
47.500000
46.770000
47.660000
50.880001
48.650002
47.500000
47.200001
47.220001
46.790001
46.910000
47.939999
46.799999
48.430000
48.669998
49.400002
47.730000
49.779999
49.650002
50.060001
49.830002
50.549999
52.549999
53.439999
53.220001
50.900002
50.980000
50.259998
48.520000
47.750000
48.389999
49.840000
48.299999
48.980000
48.029999
48.730000
47.779999
48.259998
47.939999
47.060001
46.340000
46.630001
46.680000
45.779999
46.400002
45.400002
45.070000
45.900002
46.939999
48.540001
47.430000
47.570000
47.990002
49.369999
49.709999
50.400002
49.980000
51.529999
52.689999
54.700001
54.830002
55.900002
55.070000
54.820000
56.009998
54.730000
53.380001
57.080002
55.150002
52.520000
51.490002
52.450001
51.650002
49.299999
50.240002
51.250000
51.790001
52.820000
54.049999
54.150002
54.250000
55.310001
55.200001
56.910000
57.400002
56.860001
57.049999
55.299999
57.439999
55.480000
56.520000
55.450001
56.849998
57.299999
56.599998
56.639999
56.500000
57.900002
57.709999
56.400002
57.049999
57.020000
56.500000
56.250000