0.169082
0.208109
0.248237
0.285119
0.314343
0.335837
0.350005
0.352819
0.344901
0.334154
0.318156
0.285997
0.242932
0.204084
0.18077
0.169011
0.174724
0.189607
0.21158
0.22653
0.237088
0.24019
0.234443
0.22048
0.207512
0.201103
0.202201
0.213221
0.229876
0.240998
0.249129
0.242597
0.224352
0.208358
0.194346
0.184461
0.173253
0.16544
0.154153
0.152808
0.151841
0.144187
0.135662
0.115888
0.0892971
0.0396608
-0.0356356
-0.122241
-0.210802
-0.299802
-0.382136
-0.453851
-0.515444
-0.560809
-0.59347
-0.610929
-0.611533
-0.590482
-0.537931
-0.471911
-0.404569
-0.339381
-0.27862
-0.220622
-0.169972
-0.126975
-0.0934892
-0.0616723
-0.0221848
0.0159834
0.0489132
0.0747319
0.0861461
0.0827568
0.0788585
0.0729317
0.0602956
0.0439622
0.0370594
0.0291022
0.0249984
0.0172777
0.0132846
0.00849622
-0.00150362
-0.0124476
-0.020885
-0.0341674
-0.0497656
-0.0717544
-0.100911
-0.133514
-0.159493
-0.185063
-0.202964
-0.221995
-0.24371
-0.266295
-0.282292
-0.293931
-0.305744
-0.312348
-0.310449
-0.296904
-0.274905
-0.247414
-0.225683
-0.202139
-0.177935
-0.127425
-0.0887876
-0.0392966
0.0164243
0.0633241
0.101385
0.12518
0.134218
0.133443
0.133673
0.138279
0.143685
0.155213
0.159084
0.169823
0.172128
0.16839
0.166966
0.165188
0.168277
0.186688
0.213262
0.249265
0.278739
0.305397
0.321592
0.325814
0.315254
0.290877
0.26368
0.231298
0.188982
0.137062
0.073366
0.00508417
-0.0561454
-0.113049
-0.165316
-0.208824
-0.240836
-0.262055
-0.279814
-0.296256
-0.310439
-0.317066
-0.327153
-0.344337
-0.357141
-0.357143
-0.349201
-0.33521
-0.311736
-0.295197
-0.273593
-0.247057
-0.21919
-0.189258
-0.16091
-0.138211
-0.114604
-0.0903003
-0.0815685
-0.0951669
-0.116409
-0.135789
-0.153327
-0.17042
-0.18295
-0.182475
-0.179585
-0.170601
-0.157374
-0.141708
-0.126336
-0.112034
-0.0895878
-0.0610922
-0.0290103
0.00391841
0.0340855
0.062382
0.0916138
0.128945
0.171856
0.214247
0.251246
0.299271
0.353181
0.403604
0.431905
0.439502
0.440548
0.437854
0.437626
0.547402
0.818938
1.08311
1.29288
1.4652
1.58015
1.66276
1.69724
1.70847
1.69412
1.63811
1.55721
1.45426
1.36261
1.26956
1.18147
1.09372
1.00849
0.943188
0.884158
0.847903
0.841317
0.83661
0.830832
0.828943
0.830632
0.806542
0.790033
0.775447
0.776047
0.765519
0.722341
0.664687
0.601859
0.521141
0.432381
0.382734
0.358843
0.321717
0.281922
0.285346
0.329839
0.395277
0.448945
0.478672
0.483537
0.464048
0.424385
0.362221
0.273968
0.170332
0.0735548
-0.00101617
-0.07744
-0.149239
-0.211808
-0.269668
-0.322261
-0.375577
-0.415953
-0.45368
-0.474514
-0.486164
-0.481671
-0.48229
-0.490046
-0.495919
-0.478675
-0.424091
-0.358475
-0.265741
-0.151946
-0.0594854
0.0072568
0.0694228
0.119645
0.141918
0.146709
0.118522
0.0816997
0.0341725
-0.0139022
-0.0601565
-0.0947324
-0.0995079
-0.0756028
-0.0336001
0.0194393
0.0706484
0.123483
0.168319
0.181341
0.179677
0.221874
0.27065
0.308395
0.34206
0.370645
0.416308
0.454421
0.494535
0.574986
0.660103
0.730991
0.789258
0.828283
0.857198
0.876478
0.888214
0.88361
0.830485
0.71346
0.601867
0.545445
0.50459
0.475219
0.473863
0.446941
0.418232
0.379429
0.323627
0.260464
0.191045
0.13358
0.0816461
0.0304285
-0.0252213
-0.1049
-0.212054
-0.339339
-0.455584
-0.566677
-0.663197
-0.751048
-0.814819
-0.874074
-0.932498
-0.964363
-0.960686
-0.920148
-0.833626
-0.728243
-0.622097
-0.522523
-0.424348
-0.327935
-0.216363
-0.118623
-0.00827497
0.121806
0.264484
0.397168
0.514367
0.612168
0.695853
0.768464
0.802701
0.817531
0.733616
0.556896
0.344239
0.121013
-0.097112
-0.295395
-0.46707
-0.598052
-0.699349
-0.771398
-0.832677
-0.872132
-0.907361
-0.933119
-0.939868
-0.934166
-0.913871
-0.88384
-0.841853
-0.784993
-0.729111
-0.684419
-0.635403
-0.580812
-0.528066
-0.47431
-0.423484
-0.400673
-0.387064
-0.382008
-0.395402
-0.416357
-0.454237
-0.490895
-0.529447
-0.573476
-0.61856
-0.662538
-0.695814
-0.723954
-0.731077
-0.704437
-0.667591
-0.622778
-0.573714
-0.539675
-0.536733
-0.540644
-0.543188
-0.540814
-0.547597
-0.544078
-0.533273
-0.527189
-0.483171
-0.449774
-0.414211
-0.351793
-0.287644
-0.212134
-0.146225
-0.0938174
-0.0213929
0.0660855
0.165969
0.24856
0.327948
0.385264
0.437789
0.454783
0.433088
0.387642
0.32283
0.271713
0.233073
0.214514
0.200579
0.205913
0.212836
0.217174
0.220134
0.184384
0.149267
0.114481
0.0906595
0.0887726
0.100974
0.0913035
0.0706648
0.0520822
0.0348029
0.0324571
0.0252952
0.0142489
0.00855686
0.00313574
-0.00481974
-0.0163676
-0.00326754
0.0144334
0.0531555
0.0999726
0.155318
0.189687
0.197573
0.178007
0.140752
0.0886529
0.033129
-0.00698519
-0.0200974
-0.0155694
0.0174007
0.058794
0.108849
0.159107
0.212389
0.274844
0.347872
0.412752
0.458216
0.472501
0.458857
0.406196
0.306866
0.186165
0.072775
-0.0297286
-0.123319
-0.202785
-0.266194
-0.313578
-0.348684
-0.376536
-0.383763
-0.380026
-0.356548
-0.313948
-0.256296
-0.191189
-0.123526
-0.0622152
-0.0126984
0.0318847
0.0665831
0.0900014
0.115005
0.13348
0.141388
0.143102
0.147594
0.161249
0.191588
0.2168
0.224036
0.205903
0.167181
0.118758
0.0657793
0.0105832
-0.0328633
-0.0644732
-0.0964894
-0.122227
-0.158834
-0.211789
-0.258316
-0.27651
-0.27471
-0.26092
-0.247306
-0.230005
-0.1771
-0.0535794
0.298627
0.750311
1.19038
1.70205
2.29208
2.98656
3.63052
4.12497
4.43941
4.5118
4.31782
4.01969
3.62549
3.12316
2.59867
2.0754
1.56772
1.11054
0.689961
0.307582
-0.0127559
-0.224668
-0.339593
-0.377722
-0.405859
-0.427977
-0.441606
-0.407454
-0.328529
-0.251422
-0.160634
-0.0702571
0.0142314
0.0868221
0.125247
0.151504
0.152869
0.140179
0.144532
0.179971
0.202943
0.444635
0.721211
0.96345
1.17489
1.29799
1.36339
1.43039
1.47693
1.50834
1.54101
1.54582
1.5376
1.51254
1.4292
1.33635
1.24863
1.14593
1.0361
0.908352
0.750631
0.601358
0.442123
0.292884
0.166601
0.0374052
-0.097002
-0.224351
-0.298156
-0.362469
-0.402683
-0.42535
-0.413864
-0.43409
-0.507164
-0.585152
-0.701596
-0.781282
-0.815515
-0.815698
-0.793357
-0.755983
-0.704146
-0.667526
-0.635516
-0.617213
-0.608912
-0.603782
-0.606509
-0.606881
-0.597155
-0.569969
-0.505597
-0.41223
-0.285643
-0.128371
0.0404156
0.175656
0.28893
0.385807
0.450286
0.472388
0.447826
0.400713
0.364081
0.340743
0.333354
0.354046
0.384464
0.390862
0.358972
0.278256
0.110825
-0.124214
-0.368944
-0.617885
-0.882297
-1.12362
-1.30106
-1.43141
-1.51582
-1.55853
-1.55306
-1.50967
-1.44963
-1.36344
-1.25347
-1.1081
-0.934448
-0.745522
-0.607753
-0.499257
-0.421235
-0.350605
-0.293846
-0.240998
-0.193432
-0.143479
-0.109771
-0.103996
-0.116352
-0.158377
-0.207741
-0.251711
-0.243009
-0.209421
-0.181077
-0.155902
-0.128917
-0.101155
-0.0816392
-0.0740559
-0.092962
-0.107971
-0.10814
-0.101065
-0.084927
-0.0766591
-0.0548411
-0.0212793
0.0110507
0.0310046
0.022723
0.0264273
0.0574447
0.129488
0.204128
0.26205
0.302435
0.337031
0.360465
0.387735
0.423289
0.494275
0.587844
0.675959
0.803423
0.924645
1.01713
1.08759
1.1184
1.12262
1.08416
1.01461
0.952218
0.875695
0.785184
0.702093
0.608729
0.499193
0.391772
0.293911
0.204487
0.168045
0.163228
0.199907
0.244378
0.283691
0.32439
0.37785
0.416375
0.415098
0.437337
0.470514
0.502307
0.528881
0.546772
0.570458
0.584584
0.579638
0.581083
0.585157
0.580895
0.583238
0.597627
0.618604
0.655021
0.696466
0.738141
0.786741
0.853167
0.932819
1.05816
1.20869
1.3462
1.43881
1.51348
1.59876
1.70361
1.76753
1.79918
1.78155
1.73023
1.66941
1.61056
1.56974
1.5274
1.50915
1.50298
1.49297
1.48162
1.49199
1.54008
1.58553
1.58669
1.53293
1.4394
1.28968
1.06522
0.792287
0.524454
0.303024
0.0991806
-0.0656952
-0.200795
-0.310927
-0.411859
-0.454712
-0.424988
-0.365997
-0.284807
-0.216258
-0.193682
-0.133878
-0.0405036
0.0697349
0.182356
0.275981
0.361174
0.44067
0.506499
0.564748
0.616139
0.63401
0.582285
0.50815
0.412744
0.31912
0.238554
0.155295
0.0789409
-0.000145111
-0.0620552
-0.119777
-0.167269
-0.201292
-0.193313
-0.16739
-0.148082
-0.1297
-0.102657
-0.0909685
-0.0885132
-0.0955766
-0.0876135
-0.0531954
0.0166404
0.0893676
0.172511
0.295276
0.415304
0.59751
0.825444
1.02667
1.16815
1.24096
1.26549
1.26775
1.26248
1.24176
1.21556
1.18609
1.15168
1.15415
1.17932
1.19946
1.20727
1.22874
1.22673
1.24101
1.2561
1.23427
1.15564
1.05772
0.955483
0.8592
0.773247
0.655528
0.512284
0.389055
0.369762
0.347129
0.284407
0.191413
0.0910334
-0.0144592
-0.114524
-0.173757
-0.237283
-0.253967
-0.233032
-0.162856
-0.117823
-0.0436556
0.0474924
0.155899
0.263379
0.3812
0.553165
0.760503
0.959584
1.07325
1.12598
1.11269
1.00343
0.825546
0.631022
0.486581
0.325778
0.181899
0.0265895
-0.109458
-0.257374
-0.38656
-0.490998
-0.600039
-0.717126
-0.815164
-0.882998
-0.957773
-1.00859
-1.06139
-1.11563
-1.13576
-1.10137
-0.978063
-0.838119
-0.68966
-0.533129
-0.336104
-0.121917
0.104275
0.310894
0.532126
0.78234
1.08004
1.38285
1.68512
1.92959
2.10812
2.26172
2.34136
2.31881
2.32934
2.28786
2.13348
1.87951
1.60127
1.28971
0.906033
0.525346
0.205012
-0.0389601
-0.208135
-0.282044
-0.285638
-0.256478
-0.176072
-0.0637495
0.112636
0.323347
0.524734
0.722431
0.848439
0.98038
1.04375
1.08642
1.0767
1.07058
1.06909
1.05023
1.01707
0.956168
0.916717
0.88182
0.810187
0.735512
0.653984
0.562168
0.4569
