8.1708
13.054
17.5723
22.227
26.7167
31.2133
35.0765
38.5132
41.356
42.172
41.6868
40.7834
38.8745
37.0272
35.2143
33.2692
31.2961
29.9646
28.9361
28.2661
27.7648
26.6485
24.9316
23.4859
22.3706
21.1166
20.0012
20.3806
20.3613
19.8244
18.9612
17.5331
15.7183
14.4725
13.6532
12.3059
11.2271
10.4344
10.2231
9.64981
8.69651
7.09704
4.95447
2.54824
-1.20424
-6.01028
-12.1992
-17.8721
-22.5655
-26.5128
-30.2096
-34.4274
-38.4768
-41.4679
-43.3303
-44.425
-44.7697
-44.9033
-45.516
-46.0658
-45.951
-44.2549
-41.7606
-38.0573
-33.261
-27.9416
-22.3251
-16.5308
-10.751
-4.81305
0.468118
5.19565
9.03156
11.9394
12.8308
11.6953
9.0202
5.56097
3.53384
2.42468
2.3642
2.49736
2.66344
2.65029
1.89609
0.611531
-1.43238
-3.38954
-5.39824
-7.30975
-9.44443
-12.2209
-14.6519
-16.0511
-16.9854
-18.0433
-19.7512
-21.645
-23.6409
-25.889
-28.0636
-29.1152
-29.7939
-30.7765
-31.4635
-32.371
-32.8595
-32.8569
-32.5861
-32.4877
-31.5303
-30.5
-29.0524
-27.7734
-26.9602
-26.2454
-25.3471
-24.0099
-22.0951
-18.7491
-14.9256
-11.3569
-8.76151
-8.03167
-8.54195
-8.63393
-8.89024
-8.68801
-9.06972
-10.1196
-11.3906
-12.1596
-12.6919
-12.3417
-10.8933
-8.38674
-5.93662
-4.34892
-4.05862
-5.30659
-7.84502
-11.7458
-15.3535
-19.3415
-23.5025
-28.4413
-33.6275
-38.5224
-43.6473
-48.9655
-56.0398
-65.7673
-73.2909
-77.299
-78.4185
-76.3592
-72.6801
-67.4161
-60.2726
-52.6493
-45.8041
-39.459
-34.4546
-30.5584
-25.1995
-20.4488
-17.168
-15.4172
-14.6709
-13.7465
-12.56
-11.4477
-10.6708
-9.24139
-6.6103
-3.23828
-0.741034
0.739911
0.875088
-0.0561503
-1.64281
-3.22823
-3.4687
-3.47261
-2.35589
0.0596599
3.38538
6.37358
9.1134
12.3959
17.1165
21.9541
26.2778
30.8816
34.3928
36.8047
37.7269
37.3702
36.8495
35.5355
33.9308
32.5841
30.4691
28.2313
25.783
21.5718
16.4689
11.5001
6.09765
0.388325
-4.87265
-9.05117
-11.9597
-13.5299
-14.3628
-13.8828
-12.6243
-11.2245
-9.91548
-8.0487
-5.88419
-2.79404
1.35543
5.6111
10.6994
15.8585
21.0253
26.2114
30.7818
34.5965
37.9774
41.7426
45.2799
46.4614
45.7855
44.0918
41.5647
39.0708
36.8696
34.3215
31.7204
29.1018
26.4511
25.1186
24.1135
22.9644
21.914
21.1431
20.8023
19.9273
19.1556
18.4658
17.3265
15.1511
12.9679
10.9992
8.80196
6.15087
3.12596
-0.431804
-4.86418
-9.94654
-14.2946
-18.6538
-23.3127
-27.6289
-31.2244
-33.4685
-34.2148
-34.1121
-32.9904
-30.5708
-27.7557
-24.2251
-20.722
-17.0748
-13.8852
-11.3403
-9.54799
-8.19687
-7.69226
-7.3524
-7.26761
-7.3006
-7.78524
-8.91175
-10.8334
-13.2807
-15.456
-16.7239
-17.0102
-16.5769
-16.0031
-14.9877
-13.9227
-13.0863
-12.2374
-11.4074
-10.9791
-11.4482
-12.7736
-14.5148
-15.5285
-16.0034
-16.3419
-17.1447
-18.0341
-18.6441
-19.5366
-20.0869
-19.8266
-19.4972
-19.0102
-18.4236
-17.5632
-16.8449
-16.5915
-16.9219
-17.289
-18.5349
-21.1672
-23.2103
-24.828
-24.5795
-22.4145
-19.1369
-16.2157
-14.126
-12.1231
-10.4113
-9.29615
-8.11268
-6.76716
-5.19732
-3.75365
-2.21931
-0.861452
1.12971
2.84691
4.2115
5.12866
5.10488
4.34647
2.88163
1.57247
0.0570821
-1.31246
-2.4847
-3.63902
-5.17943
-5.66718
-4.75562
-2.56174
0.534608
4.74934
9.07629
12.8469
15.7683
18.3951
20.7343
22.2282
23.2292
23.318
22.7424
22.03
20.6996
18.4508
16.082
13.2632
10.4952
8.11852
6.97378
6.25777
5.18798
3.93661
2.67098
1.18689
-0.71044
-3.06993
-5.14723
-5.84622
-5.21351
-3.66189
-1.57499
0.797669
2.36234
3.78926
4.8963
5.2518
4.8517
3.81872
2.41993
0.651211
-1.81439
-5.03297
-8.90167
-12.4223
-15.4466
-18.1368
-20.8616
-22.7085
-23.7251
-23.857
-24.0835
-24.4211
-24.5871
-23.8391
-22.4919
-20.9091
-19.6765
-18.2534
-16.9937
-16.0451
-15.1531
-14.7098
-15.5956
-17.1394
-18.877
-20.5221
-23.09
-26.0879
-28.6048
-31.4056
-33.9344
-34.2209
-33.2965
-31.6239
-28.7873
-24.5913
-19.195
-13.8798
-9.78203
-6.51587
-2.63074
0.853457
3.39696
4.82287
5.4856
4.92964
4.21154
3.90875
3.82932
4.47747
5.91079
7.00951
8.85305
10.0291
10.9208
12.0013
13.3025
15.0029
16.7808
18.7966
21.1772
24.1674
26.9681
29.335
31.5377
32.6991
32.8451
32.7124
33.2881
34.2687
35.064
35.6698
35.1482
33.2948
31.0062
28.2175
25.0382
22.4548
20.3836
18.3325
16.2331
13.59
11.2353
9.07295
7.66121
7.41757
8.19365
9.70355
11.3085
12.5744
13.246
14.2687
15.8038
16.9682
17.9324
18.5172
18.8968
18.8537
19.4969
19.9355
18.9633
17.3018
15.1406
12.3806
10.2112
8.11512
6.34259
5.02896
4.01581
3.11064
1.19236
-1.07194
-3.66093
-5.70829
-6.84172
-7.02296
-6.63919
-5.85058
-5.3726
-5.44276
-5.91322
-6.08043
-5.43765
-3.48949
-0.521904
2.52916
4.60354
5.12392
4.99041
4.06691
3.12571
3.05052
3.51833
3.95092
4.64863
4.5681
3.30482
1.80225
1.03609
0.788846
1.00331
1.61915
2.04272
2.06506
1.93287
1.9987
2.39529
3.239
4.25595
5.97888
7.70052
9.36923
10.3805
10.6833
10.4334
9.58991
8.26068
6.53954
4.62473
2.71318
0.986814
-0.624621
-2.72461
-4.75451
-6.1014
-6.5979
-6.01558
-4.82887
-3.51976
-2.0688
-0.58957
1.32157
3.46236
5.28687
7.08245
8.49598
9.49715
10.345
10.607
10.6064
10.5997
10.2242
9.47547
8.28442
6.63978
5.51461
4.97823
5.24401
6.24099
7.69088
8.48795
8.79508
8.31868
7.4805
6.5317
5.24825
4.11496
3.12985
2.49947
2.71487
3.09657
3.30543
2.96648
2.46402
2.57007
2.82758
3.52164
4.29808
4.93542
5.55194
6.01755
6.73834
7.15482
7.10124
6.56075
5.71338
4.57231
3.47669
2.72881
1.89874
1.05547
0.453751
0.230742
-0.10053
-0.443627
-0.722161
-0.949372
-0.898172
-1.36803
-2.13759
-3.24841
-4.20192
-4.47509
-4.16968
-4.24694
-4.8349
-5.0091
-4.68097
-3.81711
-2.84765
-1.22949
0.749248
2.75413
4.95931
6.83293
8.31923
9.02799
9.94015
11.4273
13.1229
15.1967
16.9849
18.6196
20.7174
23.215
26.6819
30.7194
34.1765
36.5696
38.0357
38.4453
38.2979
37.5652
35.8731
33.3986
30.624
27.8952
25.3437
22.9828
20.9289
20.2064
19.8015
19.5922
19.1775
18.2181
17.3622
16.0208
15.0415
13.7214
11.9868
10.227
8.41792
6.30193
4.12478
2.04804
0.601771
-0.222798
-0.542345
0.346215
1.35317
1.89011
2.24484
2.61857
3.49766
4.26121
4.94487
5.10433
4.98878
4.6087
4.37318
4.2418
3.96685
3.80905
3.00361
1.88125
0.917436
-0.405139
-2.26717
-4.63864
-7.61256
-10.3929
-13.0945
-15.2725
-16.831
-18.215
-20.7062
-23.2104
-25.0541
-26.4508
-27.3136
-26.64
-24.5455
-21.358
-17.7466
-13.9743
-10.2294
-6.70771
-3.76993
-0.820769
1.9208
4.56124
6.28711
7.65273
8.92588
10.3983
11.6669
11.6326
10.0181
7.72687
4.85575
2.1776
-0.701968
-3.03219
-5.42365
-7.82785
-9.66985
-11.0165
-10.9869
-9.99674
-8.38522
-6.75902
-4.98433
-3.0379
-1.79592
-1.40307
-1.44287
-0.901968
-0.204645
0.26058
1.1585
1.96579
2.43369
1.89019
1.13615
0.121335
-0.611631
-1.38656
-2.15645
-3.1958
-4.02481
-4.97853
-6.51895
-8.47682
-10.479
-12.2474
-13.6885
-14.9954
-15.9487
-16.4854
-16.9366
-17.7344
-19.1698
-20.7297
-21.9407
-23.1848
-24.4444
-25.2911
-25.4291
-24.9282
-23.6958
-22.0174
-20.1571
-18.146
-15.8265
-13.083
-10.5152
-8.04698
-6.19571
-4.48788
-3.12438
-1.37139
0.602966
2.92545
5.10497
7.01091
8.76327
10.0842
10.5959
10.2195
9.22003
8.23408
7.49652
6.42055
4.91535
3.45155
2.2383
1.50893
1.0364
0.888621
1.39268
1.86923
2.17004
2.16435
2.20859
2.06832
1.95869
1.98483
1.9346
1.99904
2.24369
2.74238
3.46386
4.50612
5.89589
7.32145
9.09614
11.1664
13.3763
15.2015
16.8015
18.241
19.4982
20.7054
21.8986
22.7923
23.1303
23.2248
22.9706
22.2452
20.8288
19.3978
17.9117
16.4506
15.1985
13.9472
12.6817
11.3482
10.3405
9.334
8.38908
7.70111
7.36678
7.00702
6.53343
6.0906
5.8737
5.77954
6.09418
6.6505
6.96515
7.08697
6.81359
6.18334
5.26934
4.08717
2.58159
0.972086
-0.574957
-1.86221
-3.18832
-4.0952
-4.9126
-5.82146
-5.6354
-4.6671
-2.99224
-1.1502
0.459032
1.52676
1.63161
1.44465
1.27309
1.09077
1.35018
2.21855
3.37922
4.66852
5.76118
6.55825
6.72021
6.11372
5.16654
4.14638
3.08694
1.9413
0.506859
-1.08991
-1.96929
-2.2405
-2.42267
-2.08492
-1.61037
-1.01982
-0.732965
-0.793942
-1.11729
-1.35825
-1.30758
-1.013
-0.476702
0.133661
0.865629
2.45071
5.26759
8.72942
12.5327
16.3583
20.2209
24.0908
27.6324
30.4894
32.7042
34.5731
35.6614
36.5143
36.8607
36.8255
36.9202
36.1421
34.412
32.0026
29.3589
26.8719
23.9638
20.6122
16.2006
11.7148
6.43919
0.38285
-5.08096
-9.23157
-11.7266
-12.5408
-12.2416
-11.4043
-10.0887
-7.751
-4.62374
-0.43008
3.63952
6.68813
8.70938
9.53655
10.0686
10.4209
10.1784
9.94751
9.63747
9.30043
7.91125
5.8425
3.60972
