1131.6
1170.2
1198.89
1179.47
1186.28
1226.1
1235.74
1222.47
1210.71
1233.93
1193.78
1195.71
1190.13
1213.46
1204.07
1179.97
1142.96
1154.31
1172.62
1200.22
1187.94
1178.81
1171.99
1145.66
1119.37
1139.29
1153.36
1155.7
1148.96
1143.44
1172.91
1227.75
1232.78
1234.31
1254.29
1261.01
1253
1262.01
1289.98
1298.64
1317.09
1312.97
1326.58
1335.73
1297.5
1300.46
1314.71
1295.75
1322.52
1324.03
1324.87
1333.86
1359.1
1361.65
1368.84
1374.94
1357.8
1343.5
1362.99
1371.55
1358.73
1369.1
1421.07
1383.02
1377.41
1379.75
1366.08
1362.1
1390.47
1390.72
1360.48
1385.24
1393.59
1403.72
1383.7
1383.18
1361.89
1352.15
1350.52
1299.03
1276.28
1239.13
1266.88
1272.02
1266.72
1246.25
1208.83
1207.29
1224.36
1219.36
1212.74
1212.21
1191.37
1160.86
1157.97
1170.6
1203.67
1198.72
1220.8
1231.94
1232.34
1243.56
1251.69
1257.41
1275.6
1260.07
1267.42
1259.47
1260.72
1219.49
1190.23
1177.66
1177.93
1239.23
1241.51
1257.26
1245.53
1246.64
1239.09
1217.88
1213.27
1194.73
1202
1190.1
1187.24
1170.25
1151.16
1167.25
1189.23
1175.59
1156.15
1126.21
1123.72
1113.42
1095.11
1092.12
1120.2
1106.8
1082.59
1088.8
1064.29
1076.58
1075.45
1067.05
1045.23
1072.94
1056.71
1063.86
1047.47
1035.91
1036.68
1039.5
1051.03
1059.62
1098.68
1091.44
1078.33
1054.45
1017.28
1007.68
1045.51
1028.95
1045.09
1012.16
1000.42
1004.13
1020.77
1021.17
1040.36
1058.8
1076.16
1054.38
1027.61
1006.43
974.27
958.33
925.43
948.58
918.65
908.75
870.37
857.51
855.05
824.01
799.18
718.32
629.15
718.26
764.93
768.06
811.03
794.99
814.97
844.09
828.57
795.09
790.71
761.3
746.48
812.02
782.62
756.63
737.88
743.06
762.39
769.8
766.57
756.27
782.13
817.14
820.99
781.31
783.53
765.37
747.45
737.35
745.82
786.69
770.63
804.5
826.4
840.48
825.89
832.33
861.93
914.05
897.35
894.61
929.35
906.51
910.42
888.69
883.88
911.98
896.63
903.56
917.05
889.68
912.38
903.45
845.36
847.98
859.26
833.57
812.88
822.76
841.05
847.99
862.14
859.14
880.28
882.07
868.62
856.44
878.94
880.42
910.41
933.58
930.12
971.08
971.24
988.3
1003.42
999.38
1004.62
1015.51
1052.33
1061.6
998.96
995.7
1007.69
1004
1028.47
1037.52
1022.78
1029.71
1031.78
1029.31
1072.93
1066.19
1060.73
1059.52
1070.19
1082.21
1054.9
1074.73
1075.47
1057.6
1031.97
1047.47
1051.21
1041.58
1025.16
1012.21
990.87
968.81
953.88
973.45
947.28
922.63
922.67
923.23
943.54
958.97
950.38
957.38
978.29
966.55
981.82
966.9
978.85
964.32
951.45
941.32
943.01
928.03
939.93
930.66
932.04
919.61
902.88
885.78
875.67
889.76
905.2
915.47
919.79
909.45
919.81
912.44
900.65
905.33
901.76
884.47
858.97
840.37
839.25
865.84
867.74
858.82
834.89
837.43
843.9
820.43
832.47
848.08
830.33
831.57
828.93
835.17
825.12
809.64
794.19
795.51
762.38
724.73
758.46
754.61
804.86
829.95
833.6
805.06
789.39
805.23
793.65
776.17
793.99
796.69
800.49
799.1
808.61
807.52
837.39
823.13
816.56
808.78
789.56
782.07
769.38
788.55
775.73
784.11
789.73
781.65
764.93
805.12
826.65
844.12
856.44
885.96
876.42
866.52
863.31
876.23
881.19
868.72
875.55
856.88
860.75
872.86
858.01
839.26
854.74
839.57
845.54
853.77
886.36
877.26
854.34
855.26
854.08
845.72
831.95
814.93
824.17
862.44
876.56
883.82
888.36
897.56
867.54
878.89
874.66
856.3
847.1
839.14
833.94
826.96
811.72
793.36
777.15
792.41
792.78
777.17
761.08
783.65
785.02
792.07
765.73
758.97
762.4
785.51
781.1
772.94
756.07
769.64
757.04
749.28
752.7
736.82
699.13
695.32
693.65
692.99
652.98
646.9
660.29
628.41
632.12
691.4
681.57
683.05
704.87
727.13
745.3
730.39
701.21
696.96
738.82
725.91
704.03
690.37
696.61
671.34
689.9
707.24
708.61
735.81
752.89
725.98
761.48
737.73
745.53
757.45
768.8
786.36
780.16
798.58
818.25
839.23
835.64
834.24
845.59
830.54
821.64
835.97
873.8
885.13
883.6
889.02
865.4
847.26
862.22
851.67
843.42
869.86
876.2
861.96
861.76
846.61
863.29
859.24
879.07
900.98
911.07
922.5
914.34
905.1
899.58
926.64
943.16
927.23
931.46
927.66
931.19
927.09
964.41
951.11
912.58
916.53
912.02
897.11
927
915.95
921.88
929.12
931.73
926.82
885.42
893.09
879.55
891.48
907.97
918.79
917.52
925.51
904.33
890.52
885.93
902.64
922.91
948.87
965.36
950.86
924.65
900.19
910.08
895
910.28
935.04
937.22
927.29
941.11
912.49
888.78
905.36
931.35
930.77
933.32
940.85
925.23
917.71
923.85
934.35
941.35
955.41
952.37
972.44
963.7
969.35
952.8
946.73
947.07
935.98
930.71
924.74
921.67
923.39
927.57
922.53
903.04
910.54
927.5
935.46
953.64
953.98
946.63
952.81
954.58
972.1
974.82
965.39
975.04
965.68
963.29
972.25
958.04
966.29
973.43
962.08
958.67
950.25
944.96
969.86
977.45
995.35
1005.77
1013.11
987.87
983.78
968.53
970.56
970.93
961.41
969.75
969.71
979.54
1002.13
993.94
986.83
973.18
975.31
998.17
990.88
1004.69
1000.84
997.11
1004.25
1002.07
1017.88
1005.48
995.96
987.99
983.04
977.3
986.94
995.23
987.48
986.37
993.77
1002.26
989.52
992.67
992.23
988.74
996.63
973.09
971.2
963.97
972.66
990.35
993.84
970.15
960.32
980.47
989.68
995.89
990.77
1014.88
1016.84
1016.95
1028.86
1018.51
1018.18
1005.82
1029.05
1047.43
1050.21
1069.1
1059.97
1066.75
1097.39
1110.14
1148.59
1164.15
1148.92
1138.07
1135.56
1130.06
1142.54
1140.88
1125.8
1117.92
1124.65
1135.79
1138.31
1144.26
1152.33
1189.32
1176.69
1180.31
1172.59
1160.27
1175.01
1155.5
1175.28
1158.19
1151.05
1156.47
1151.65
1136.62
1138.99
1137.67
1155.38
1159.79
1163.62
1195.61
1175.64
1164.15
1167.53
1171.42
1190.4
1178.52
1179.21
1164.65
1163.19
1164.21
1173.17
1173.97
1172.59
1176.11
1152.21
1150.39
1161.65
1146.01
1129.09
1117.29
1099.46
1109.39
1099.82
1108.26
1110.46
1097.44
1046.9
1055.93
1069.14
1063.69
1062.61
1096.29
1111.89
1121.4
1121.63
1123.17
1124.35
1124.66
1114.66
1125.58
1124.91
1137.26
1113.76
1122.98
1135.98
1152.49
1148.75
1113.45
1084.26
1091.08
1078.72
1089.39
1073.15
1094.27
1077.21
1068.55
1083.35
1084.17
1116.58
1120.89
1119.11
1106.92
1114.43
1120.22
1096.35
1081.22
1085.68
1111.64
1105.83
1099.75
1119.98
1112.95
1104.3
1076.8
1087.75
1083.58
1096.83
1087.59
1083.52
1073.04
1085.75
1074.81
1053.3
1045.63
1046.02
1044.34
1041.23
1034.31
1038.5
1041.49
1030.99
1013.78
991.96
994.38
998.34
981.03
973.33
978.45
988.93
992.84
1003.79
1002.83
1000.45
1000.96
1009.42
1017.59
1007.88
1011.79
995.24
1006.14
1001.51
1025.68
1029.89
1044.27
1039.34
1038.45
1043.13
1038.54
1024.89
1013.69
1010.06
1020.6
1030.95
1014.44
1007.14
1014.24
1021.42
1029.41
1026.73
1032.68
1048.69
1034.98
1029.26
1022.41
1031.13
1027.45
1029.76
1034.05
1027.85
1034.29
1039.44
1044.96
1049.96
1060.49
1068.75
1067.58
1084.41
1095.84
1100.58
1091.83
1100.83
1106.7
1110.73
1119.61
1127.16
1124.23
1118.38
1125.69
1123.43
1119.14
1108.71
1122.43
1120.13
1123.24
1130.54
1127.26
1126.94
1125.56
1136.75
1128.69
1129.9
1137.14
1144.05
1134.3
1132.45
1134.86
1143.32
1143.96
1156.64
1158.24
1146.62
1147.79
1138.64
1134.45
1131.08
1127.03
1118.13
1118.19
1118.62
1124.05
1113.41
1126.43
1118.66
1109.38
1146.98
1150.36
1161.38
1156.74
1148.79
1136.86
1116.53
1126.52
1132.45
1128.72
1147.61
1159.11
1158.62
1166.09
1160.56
1159.41
1144.68
1131.56
1133.33
1133.87
1134.25
1131.38
1119.51
1119.54
1144.35
1149.88
1141.5
1153.32
1148.27
1147.91
1134.58
1129.33
1126.97
1135.7
1143.94
1144.97
1148.92
1150.58
1154.43
1183.06
1214.17
1219.89
1229.15
1234.64
1248.75
1261.07
1264.3
1261.09
1264.7
1279.28
1270.92
1285.33
1283.75
1292.32
1311.21
1286.7
1275.57
1274.94
1282.36
1293.1
1272.76
1263.77
1232.69
1242.53
1210.69
1185.79
1206.22
1226.92
1244.85
1262.27
1263.27
1259.01
1264.68
1291.19
1301.01
1324.62
1310.84
1285.47
1274.18
1261.63
1279.51
1281.43
1270.17
1285.53
1283.18
1285.8
1251.19
1247.28
1254.29
