-16.4613
-16.0555
-15.6224
-14.8536
-11.1611
-2.52707
4.51496
10.2079
16.5428
21.8094
25.2164
28.4705
33.273
37.0865
41.5571
43.8958
46.3283
47.6498
43.039
39.1938
37.3492
32.8842
31.5859
30.1873
28.2292
26.4197
27.1164
27.0785
27.201
26.9892
24.0907
20.5189
19.8492
19.6534
17.9668
17.2051
21.8337
20.6851
18.7197
16.9695
13.8594
10.8509
11.2483
11.6717
8.81025
8.50986
8.83197
10.2139
8.5377
6.46351
2.94967
-0.779224
-3.774
-11.1027
-18.7819
-28.5542
-32.4287
-34.0068
-35.7142
-38.6102
-44.2635
-47.8178
-47.8134
-46.788
-46.0799
-44.8324
-44.5792
-46.6025
-47.0393
-45.2127
-39.4534
-35.0403
-28.1223
-20.4441
-13.9035
-7.69193
-1.70631
3.59296
9.61976
12.847
16.0652
17.4094
17.9155
13.4807
7.039
0.505775
-4.64158
-2.20175
-0.310249
2.7833
3.63839
3.96405
3.47269
0.413265
-2.66317
-7.10965
-9.00088
-10.905
-12.3272
-14.7992
-19.1881
-20.486
-18.9127
-18.6506
-20.1722
-23.8744
-26.2945
-28.5741
-31.4898
-33.4732
-31.5332
-31.1912
-32.8901
-32.6871
-34.2532
-33.7363
-32.4799
-31.5935
-32.1529
-28.9293
-27.6414
-25.0745
-24.4407
-24.9804
-24.6726
-23.2763
-20.7013
-17.2091
-10.0312
-4.88983
-2.17074
-2.33235
-6.88951
-10.9123
-9.79754
-10.426
-8.79199
-10.6087
-13.0868
-14.6229
-13.774
-13.6156
-11.0432
-6.79408
-1.36983
0.747008
-0.104273
-3.60561
-9.27779
-15.4132
-22.9035
-25.4692
-30.1644
-34.3418
-40.8988
-46.374
-50.2169
-55.9014
-61.7867
-73.7797
-90.8927
-91.8977
-85.9919
-79.1056
-68.5322
-60.7832
-51.5447
-39.8027
-31.5821
-28.0001
-24.3921
-23.5217
-22.6495
-13.064
-9.70706
-10.336
-12.495
-13.9732
-12.1338
-10.0705
-9.02759
-9.19511
-5.94968
0.47502
5.94386
5.78848
4.18725
0.421623
-3.37268
-6.60932
-8.04323
-4.47198
-3.62319
0.965056
7.22957
12.936
14.7102
16.3805
20.801
29.1447
33.9602
36.7871
41.9719
42.4511
41.9674
38.9416
35.0842
34.2227
30.9859
29.1182
28.8488
24.8371
22.6697
19.7903
10.7982
3.28798
-1.23872
-7.61328
-14.0521
-17.8527
-18.7465
-18.1217
-15.9366
-14.7978
-11.134
-8.16539
-6.6992
-6.07988
-3.10181
-0.430304
5.05601
12.006
16.4457
23.6689
28.9441
34.009
39.0401
41.645
43.2732
45.3861
50.3362
53.4205
48.116
42.6263
38.4438
33.9851
32.0088
30.9068
27.6118
25.126
22.8843
20.4655
22.6412
22.3104
20.5829
19.6202
19.5724
20.4065
17.8828
17.3071
16.7618
14.2778
9.41442
7.31327
5.96539
3.19057
-0.598709
-4.46461
-9.47269
-16.164
-22.8309
-24.9954
-29.4143
-34.7775
-37.9565
-39.4653
-37.9709
-34.6521
-32.434
-28.8671
-23.2849
-19.6306
-14.5222
-11.5959
-7.92544
-6.29569
-5.63506
-5.88763
-5.73667
-7.4561
-7.28746
-7.72375
-7.80066
-9.37188
-12.0454
-16.018
-19.7788
-21.0756
-19.6945
-17.2828
-14.8273
-13.9122
-11.7084
-10.6513
-10.6599
-10.0469
-9.52909
-10.3352
-13.2406
-16.7796
-19.462
-18.3072
-17.106
-16.9796
-19.0525
-20.1022
-19.8576
-21.5454
-21.2591
-18.918
-18.5628
-17.5917
-16.6888
-15.0945
-14.9358
-16.0719
-18.0223
-18.568
-22.2157
-28.4926
-28.7328
-29.0001
-23.4316
-15.8733
-9.62123
-7.93735
-8.42943
-6.81559
-6.22991
-7.22011
-5.9234
-4.20993
-1.77984
-0.349038
1.70765
2.58427
6.22848
7.16428
7.48675
7.0298
4.41652
1.71751
-1.52792
-2.24204
-4.14012
-4.97027
-5.3127
-6.29862
-8.82713
-6.33302
-1.65842
3.89022
9.18442
16.2878
20.5819
22.5185
22.8518
24.4412
25.6918
24.8492
24.6616
22.4755
20.3492
19.6899
16.9265
12.3132
9.7571
5.91235
3.51464
2.33222
4.72902
5.14397
3.01311
1.28103
-0.10932
-2.38808
-5.49243
-9.24397
-10.5404
-7.36456
-2.86238
1.22675
4.59152
7.54202
6.65282
7.48109
7.44539
5.44191
2.8522
0.264522
-1.83758
-4.32373
-8.4339
-13.4368
-18.9782
-21.2686
-22.7193
-24.425
-27.2404
-26.6435
-25.3706
-23.1304
-23.8435
-24.7583
-24.7413
-21.5767
-18.6907
-16.6262
-16.6128
-14.6971
-13.8991
-13.7583
-13.1174
-14.0205
-18.6184
-21.7601
-23.7857
-24.9601
-29.9951
-33.9338
-34.902
-38.3411
-39.9212
-33.8946
-29.8527
-26.3334
-20.4748
-12.733
-4.52588
0.038486
0.404406
0.938629
6.26835
8.76063
8.72537
7.10519
5.89991
2.36101
1.68652
2.83359
3.4116
6.11314
9.98875
10.2187
14.065
13.1938
13.1626
14.5175
16.3319
19.1317
21.0613
23.789
27.2868
31.8472
34.1706
35.1268
36.7388
34.9632
32.3287
31.5717
34.2296
36.4545
36.8779
37.1693
33.6167
28.1508
24.8498
20.7025
16.4479
15.6546
15.2994
13.5463
11.4523
7.43496
5.82928
4.02564
4.63245
7.47591
10.8556
14.3133
16.077
16.2128
15.0465
16.7791
19.5882
19.5358
19.9131
19.551
19.5187
18.4758
21.1254
20.9676
15.9903
12.5687
9.27231
4.96974
4.61583
2.8251
2.06644
2.06724
2.11103
1.55363
-3.40507
-6.71415
-10.2622
-10.9032
-9.40531
-6.98149
-5.06247
-3.17209
-3.59798
-5.24741
-7.10385
-6.5895
-3.8896
1.60839
7.37924
10.6313
9.93192
6.12996
4.1288
0.927885
-0.114949
2.29479
4.42556
5.04371
6.77764
4.68156
0.101615
-2.20793
-0.9588
0.0967251
1.54751
3.40066
3.37607
2.29604
1.83144
2.33615
3.38892
5.32085
6.84132
10.5254
12.2281
13.7574
12.8489
11.0682
9.24179
6.79333
4.22321
1.59824
-0.671358
-2.25861
-3.2676
-4.37679
-7.7928
-9.61025
-9.0505
-7.24942
-3.79041
-1.10731
0.346805
2.02826
3.44742
6.41123
8.88926
9.61326
11.2573
11.6111
11.5832
12.1005
10.7707
10.1216
10.1782
8.94621
7.3228
4.98733
2.24373
2.67249
3.83167
6.38255
9.31861
11.9325
10.8397
9.67311
6.91386
4.96718
3.6041
1.46969
0.89059
0.524122
1.09884
3.84375
4.61322
4.25532
2.22918
1.18249
2.92853
3.48015
5.3384
6.28371
6.52372
7.20116
7.25662
8.63913
8.05653
6.61623
4.82606
3.18867
1.38501
0.532992
0.825212
-0.152636
-0.982662
-0.788804
0.0400882
-0.660138
-1.1182
-1.29048
-1.46116
-0.672625
-2.57471
-4.20449
-6.26562
-6.70915
-4.99417
-3.10744
-4.28948
-6.29983
-5.30249
-3.52628
-1.30151
-0.179446
3.06801
5.93116
7.99375
10.748
11.5109
11.7038
10.2275
11.7642
14.9206
17.1741
20.3847
21.4249
22.6494
26.0949
29.6267
35.6534
40.9959
42.7014
42.1255
41.0117
38.5877
36.9305
34.6508
30.5319
26.1809
23.052
20.9076
19.0975
17.3772
16.245
19.1959
19.6199
19.8476
18.6428
15.9504
15.2597
12.4983
12.4973
10.1901
7.31573
5.75021
3.92702
1.07423
-1.22129
-3.04844
-2.66728
-1.84083
-0.712692
3.41612
4.53968
3.62762
3.34381
3.58965
5.72067
6.01123
6.45169
5.16467
4.34057
3.46552
3.71579
3.83529
3.15336
3.34994
0.87637
-1.06364
-1.49953
-3.83577
-7.16657
-10.8961
-15.394
-17.463
-19.8278
-20.39
-20.246
-21.1674
-26.6771
-29.2089
-29.2665
-29.5289
-29.0851
-24.2162
-18.3501
-12.2796
-7.66311
-3.69984
-0.553566
1.99525
3.11132
5.91182
7.93628
10.4159
9.78574
10.3964
11.5961
13.773
14.5701
10.9927
5.05862
1.13798
-3.09906
-4.94049
-8.26359
-8.87298
-11.2356
-13.4178
-13.5196
-13.5895
-9.99948
-6.56658
-3.52522
-2.05276
-0.144741
2.14396
1.18862
-0.967471
-2.23564
-0.0851141
1.21794
1.1932
3.43681
4.02497
3.61314
0.365814
-0.995632
-2.81298
-2.77816
-3.50716
-4.14603
-5.89109
-5.95159
-7.17154
-10.3094
-13.5217
-15.6134
-16.7224
-17.1539
-18.0485
-17.9828
-17.4081
-17.5954
-19.3981
-22.7348
-24.7398
-25.013
-26.3429
-27.5999
-27.2801
-25.4005
-23.0867
-19.8631
-17.1182
-15.0357
-12.8237
-9.77709
-6.06282
-4.20754
-2.14251
-2.03613
-0.700281
-0.206858
2.70469
5.3118
8.61365
10.4373
11.6705
12.9939
13.1354
11.333
8.53903
5.85962
5.13141
5.2854
3.49791
0.964988
-0.229693
-0.590795
0.0987585
0.278494
0.90106
3.07126
3.40208
3.19706
2.22336
2.26378
1.5418
1.50476
1.95262
1.69913
2.11965
2.9829
4.19135
5.4914
7.32828
9.62587
11.0318
13.6929
16.5087
18.975
19.6321
20.5531
21.5249
22.2686
23.3697
24.5855
24.6602
23.5556
23.1141
22.0261
20.0444
16.8034
15.4663
13.9498
12.7036
12.1823
11.0081
9.71122
8.23559
8.14586
7.08756
6.18782
6.1907
6.79101
6.3093
5.51077
5.11384
5.47578
5.65127
7.10048
8.25009
7.81215
7.38138
6.03837
4.40618
2.69533
0.798185
-1.5178
-3.32102
-4.5225
-4.93702
-6.32317
-6.01633
-6.61002
-7.81853
-4.63954
-1.61801
1.83243
3.94249
4.73432
4.18555
1.48051
0.495187
0.343464
0.0728997
1.74727
4.46093
6.57803
8.27773
8.79675
8.68117
6.88368
4.08029
2.21343
1.02886
0.0121601
-1.16019
-3.21224
-5.08294
-3.85259
-2.39329
-2.4143
-0.781546
-0.0515778
0.767448
0.121089
-0.987196
-2.15067
-2.25018
-1.30747
-0.256738
0.932472
1.8101
2.88622
6.84336
12.9525
17.9829
22.473
26.1411
29.9439
33.6756
36.1552
36.9627
37.2952
38.3025
37.4638
37.8853
37.0311
36.1242
36.7955
33.8005
29.6121
25.4608
22.3212
20.4748
16.4912
12.0964
4.88417
0.389766
-6.78694
-14.8812
-18.5956
-19.0286
-16.8729
-12.9865
-9.77668
-7.71044
-5.5209
-0.674375
4.10788
10.6286
13.9087
13.8707
12.991
10.61
10.4574
10.397
8.60797
8.69563
8.44835
8.42103
4.31615
0.437831
-2.1831
